family	galga	gasac	ornan	oryla	homsa	sacce	cioin	hydma	nemve	pedhu	ampqu	drome	anoca	musmu	apime	mondo	anoga	danre	loxaf	ciosa	tetni
ORTHOMCL423	0	1	1	1	1	0	0	0	0	0	0	0	0	1	0	1	0	1	2	0	1
ORTHOMCL422	0	2	1	2	0	0	0	0	0	0	0	0	0	1	0	1	0	1	0	0	2
ORTHOMCL421	1	1	1	0	1	0	0	0	0	0	0	0	0	1	0	1	0	2	1	0	1
ORTHOMCL352	1	1	1	1	1	0	0	0	0	0	0	0	1	2	0	1	0	2	0	0	1
ORTHOMCL355	0	2	0	2	1	0	0	0	0	0	0	0	1	1	0	1	0	1	1	0	2
ORTHOMCL354	0	2	0	2	1	0	0	0	0	0	0	0	1	1	0	1	0	2	1	0	1
ORTHOMCL724	0	0	0	0	1	0	0	0	0	0	0	0	1	1	0	1	0	0	1	0	0
ORTHOMCL357	1	2	0	1	1	0	0	0	0	0	0	0	1	1	0	1	0	1	1	0	2
ORTHOMCL725	0	0	0	0	1	0	0	0	0	0	0	0	1	1	0	1	0	0	1	0	0
ORTHOMCL356	1	1	2	1	1	0	0	0	0	0	0	0	1	1	0	1	0	1	1	0	1
ORTHOMCL894	0	0	0	0	0	0	0	0	0	0	0	0	0	1	0	1	0	0	1	0	0
ORTHOMCL727	1	0	1	1	0	0	0	0	0	0	0	0	1	0	0	1	0	0	0	0	0
ORTHOMCL720	0	0	0	0	0	0	0	0	0	1	0	1	0	0	1	0	1	1	0	0	0
ORTHOMCL721	0	0	0	0	0	0	0	0	0	1	0	1	0	0	1	0	2	0	0	0	0
ORTHOMCL722	0	0	0	0	0	0	0	0	0	1	0	1	0	0	0	0	1	1	0	0	1
ORTHOMCL723	0	0	0	0	1	0	0	0	0	0	0	0	1	1	0	1	0	0	1	0	0
ORTHOMCL748	0	0	0	0	1	0	0	0	0	0	0	0	0	1	0	1	0	0	1	0	0
ORTHOMCL749	0	0	1	0	1	0	0	0	0	0	0	0	0	0	0	0	0	0	2	0	0
ORTHOMCL742	0	0	0	0	0	0	0	0	4	0	0	0	0	0	0	0	0	0	0	0	0
ORTHOMCL743	0	0	0	0	0	0	0	0	4	0	0	0	0	0	0	0	0	0	0	0	0
ORTHOMCL740	0	0	0	4	0	0	0	0	0	0	0	0	0	0	0	0	0	0	0	0	0
ORTHOMCL741	0	0	0	0	0	0	0	0	4	0	0	0	0	0	0	0	0	0	0	0	0
ORTHOMCL746	0	0	0	0	1	0	0	0	0	0	0	0	0	1	0	1	0	0	1	0	0
ORTHOMCL747	0	0	0	0	1	0	0	0	0	0	0	0	0	1	0	1	0	0	1	0	0
ORTHOMCL744	0	0	0	0	0	0	0	0	0	0	0	0	0	4	0	0	0	0	0	0	0
ORTHOMCL745	0	0	1	0	0	1	0	1	0	0	0	0	0	0	0	0	0	0	0	0	1
ORTHOMCL528	1	1	0	1	1	0	0	0	0	0	0	0	1	1	0	1	0	0	1	0	1
ORTHOMCL529	0	1	1	0	1	0	0	0	0	0	0	0	1	1	0	1	0	1	1	0	1
ORTHOMCL526	1	1	1	1	0	0	0	0	0	0	0	0	1	1	0	1	0	1	0	0	1
ORTHOMCL527	1	1	1	0	1	0	0	0	0	0	0	0	1	0	0	1	0	1	1	0	1
ORTHOMCL524	0	1	1	1	1	0	0	0	0	0	0	0	1	0	0	1	0	1	1	0	1
ORTHOMCL525	1	0	1	1	0	0	0	0	0	0	0	0	1	1	0	1	0	1	1	0	1
ORTHOMCL522	1	1	0	1	0	0	0	0	0	0	0	0	1	1	0	1	0	1	1	0	1
ORTHOMCL523	0	2	1	1	0	0	0	0	0	0	0	0	1	0	0	0	0	2	1	0	1
ORTHOMCL520	1	1	0	1	0	0	0	0	0	0	0	0	1	1	0	1	0	1	1	0	1
ORTHOMCL521	0	1	0	1	1	0	0	0	0	0	0	0	1	1	0	1	0	1	1	0	1
ORTHOMCL254	1	1	1	1	0	1	2	1	1	1	1	0	1	0	0	1	0	1	1	0	1
ORTHOMCL255	1	1	1	0	1	0	1	0	0	1	1	1	1	1	1	1	1	1	1	0	1
ORTHOMCL1313	0	0	0	0	0	0	1	0	0	0	0	0	0	0	0	0	0	0	0	1	0
ORTHOMCL257	1	1	1	1	1	0	1	1	0	1	1	0	1	0	1	1	0	1	1	1	1
ORTHOMCL250	1	1	0	0	1	2	0	0	1	1	0	0	1	1	1	1	1	1	1	1	1
ORTHOMCL251	1	2	1	1	0	0	1	1	1	1	1	0	1	1	0	1	0	1	0	1	1
ORTHOMCL252	1	1	1	0	1	0	1	0	1	0	1	1	1	1	0	1	1	1	1	1	1
ORTHOMCL253	1	1	0	1	1	0	1	1	1	1	1	0	1	1	0	1	2	1	0	0	1
ORTHOMCL1319	0	0	0	0	0	0	1	0	0	0	0	0	0	0	0	0	0	0	0	1	0
ORTHOMCL1318	0	0	0	0	0	0	1	0	0	0	0	0	0	0	0	0	0	0	0	1	0
ORTHOMCL258	1	1	1	1	0	0	0	0	0	1	1	1	1	1	0	1	1	2	1	0	2
ORTHOMCL259	0	0	0	0	14	0	0	0	0	0	0	0	0	0	0	0	0	0	1	0	0
ORTHOMCL412	1	0	0	1	1	0	0	0	0	1	0	1	1	0	1	1	1	1	0	0	1
ORTHOMCL413	1	1	1	1	1	0	0	0	0	0	0	0	2	0	0	1	0	1	1	0	1
ORTHOMCL410	1	1	1	2	1	0	0	0	0	0	0	0	1	1	0	1	0	1	0	0	1
ORTHOMCL411	1	1	1	1	1	0	0	2	0	0	0	0	1	0	0	0	0	1	1	0	1
ORTHOMCL416	0	0	0	0	1	0	0	7	0	0	0	0	0	1	0	0	0	0	1	0	0
ORTHOMCL417	1	1	0	1	1	2	0	0	0	0	0	0	0	0	0	1	0	1	1	0	1
ORTHOMCL414	1	1	1	1	1	0	0	0	0	0	1	0	1	1	0	1	0	1	0	0	1
ORTHOMCL415	0	1	1	1	1	0	0	0	0	0	1	0	1	1	0	1	0	1	1	0	1
ORTHOMCL418	1	2	0	1	1	0	0	0	0	0	0	0	0	1	0	1	0	1	1	0	1
ORTHOMCL419	0	1	0	1	2	0	0	1	0	0	0	0	0	1	0	0	0	3	1	0	0
ORTHOMCL1326	0	0	0	0	0	0	1	0	0	0	0	0	0	0	0	0	0	0	0	1	0
ORTHOMCL1009	0	0	0	0	0	0	0	0	0	0	0	3	0	0	0	0	0	0	0	0	0
ORTHOMCL1008	0	0	0	0	0	0	0	0	0	0	0	3	0	0	0	0	0	0	0	0	0
ORTHOMCL1005	1	0	1	0	0	0	0	0	0	0	0	0	0	0	0	1	0	0	0	0	0
ORTHOMCL1004	0	1	0	1	0	0	0	0	0	0	0	0	0	0	0	0	0	0	0	0	1
ORTHOMCL1007	0	0	0	0	0	0	0	0	0	0	0	3	0	0	0	0	0	0	0	0	0
ORTHOMCL1006	3	0	0	0	0	0	0	0	0	0	0	0	0	0	0	0	0	0	0	0	0
ORTHOMCL1001	0	1	0	1	0	0	0	0	0	0	0	0	0	0	0	0	0	0	0	0	1
ORTHOMCL1000	0	1	0	1	0	0	0	0	0	0	0	0	0	0	0	0	0	0	0	0	1
ORTHOMCL1003	0	1	0	1	0	0	0	0	0	0	0	0	0	0	0	0	0	0	0	0	1
ORTHOMCL1002	0	1	0	1	0	0	0	0	0	0	0	0	0	0	0	0	0	0	0	0	1
ORTHOMCL1269	1	0	0	0	0	0	0	0	0	0	0	0	0	0	0	0	0	0	1	0	0
ORTHOMCL1268	2	0	0	0	0	0	0	0	0	0	0	0	0	0	0	0	0	0	0	0	0
ORTHOMCL1261	0	1	0	0	0	0	0	0	0	0	0	0	0	0	0	0	0	0	0	0	1
ORTHOMCL1260	0	1	0	0	0	0	0	0	0	0	0	0	0	0	0	0	0	0	0	0	1
ORTHOMCL1263	0	1	0	0	0	0	0	0	0	0	0	0	0	0	0	0	0	0	0	0	1
ORTHOMCL1262	0	1	0	0	0	0	0	0	0	0	0	0	0	0	0	0	0	0	0	0	1
ORTHOMCL1265	0	1	0	0	0	0	0	0	0	0	0	0	0	0	0	0	0	0	0	0	1
ORTHOMCL1264	0	1	0	0	0	0	0	0	0	0	0	0	0	0	0	0	0	0	0	0	1
ORTHOMCL1267	1	0	1	0	0	0	0	0	0	0	0	0	0	0	0	0	0	0	0	0	0
ORTHOMCL1266	0	1	1	0	0	0	0	0	0	0	0	0	0	0	0	0	0	0	0	0	0
ORTHOMCL714	0	0	0	0	0	0	0	0	0	0	0	4	0	0	0	0	1	0	0	0	0
ORTHOMCL59	1	3	1	3	2	0	0	0	0	2	0	2	1	2	1	1	1	3	2	1	3
ORTHOMCL58	3	2	2	2	1	0	1	1	1	1	0	1	3	1	0	2	1	2	2	1	2
ORTHOMCL51	2	3	1	2	1	0	2	0	0	2	0	2	2	1	1	2	2	1	2	2	2
ORTHOMCL50	1	3	2	2	2	0	1	0	0	1	0	1	2	2	1	2	1	3	2	1	3
ORTHOMCL889	0	0	0	0	0	0	0	0	0	0	0	0	0	0	0	3	0	0	0	0	0
ORTHOMCL888	0	0	0	0	0	0	0	0	0	0	0	0	0	0	0	3	0	0	0	0	0
ORTHOMCL96	0	2	1	2	2	0	1	1	1	2	0	1	0	2	1	2	1	2	1	2	2
ORTHOMCL739	0	0	0	4	0	0	0	0	0	0	0	0	0	0	0	0	0	0	0	0	0
ORTHOMCL738	0	0	0	0	0	0	0	0	0	0	5	0	0	0	0	0	0	0	0	0	0
ORTHOMCL881	0	0	0	0	0	0	0	0	3	0	0	0	0	0	0	0	0	0	0	0	0
ORTHOMCL880	0	0	0	0	0	0	0	0	3	0	0	0	0	0	0	0	0	0	0	0	0
ORTHOMCL883	0	0	0	0	0	0	0	0	0	0	0	0	0	3	0	0	0	0	0	0	0
ORTHOMCL882	0	0	0	0	0	0	0	0	3	0	0	0	0	0	0	0	0	0	0	0	0
ORTHOMCL885	0	0	0	0	0	0	0	0	0	0	0	0	0	3	0	0	0	0	0	0	0
ORTHOMCL884	0	0	2	0	0	0	0	0	0	0	0	0	0	1	0	0	0	0	0	0	0
ORTHOMCL887	0	0	0	0	0	0	0	0	0	0	0	0	0	3	0	0	0	0	0	0	0
ORTHOMCL730	0	1	0	1	0	0	0	0	0	0	0	0	1	0	0	0	0	1	0	0	1
ORTHOMCL643	0	1	0	1	1	0	0	0	0	0	0	0	0	0	0	1	0	1	0	0	1
ORTHOMCL642	0	1	0	1	0	0	0	0	0	0	0	0	0	1	0	0	0	1	1	0	1
ORTHOMCL641	0	1	0	1	0	0	0	0	0	0	0	0	0	0	0	0	0	1	0	0	3
ORTHOMCL640	0	0	0	0	0	0	0	0	0	0	0	0	0	0	0	0	0	6	0	0	0
ORTHOMCL647	0	0	0	0	0	0	0	1	1	1	0	1	0	0	0	0	1	1	0	0	0
ORTHOMCL646	0	0	0	1	1	0	0	0	0	0	0	0	0	1	0	1	0	1	1	0	0
ORTHOMCL645	0	1	0	1	0	0	0	0	0	0	0	0	0	0	0	1	0	1	1	0	1
ORTHOMCL644	0	1	0	1	0	0	0	0	0	0	0	0	0	0	0	1	0	1	1	0	1
ORTHOMCL649	1	0	0	0	1	0	0	0	0	0	0	0	1	1	0	1	0	0	1	0	0
ORTHOMCL648	0	0	0	0	0	0	0	0	0	0	0	0	0	0	0	0	6	0	0	0	0
ORTHOMCL395	1	1	1	0	1	0	1	0	0	0	0	0	1	1	0	1	0	1	1	0	1
ORTHOMCL394	1	1	1	1	1	0	0	0	0	0	0	0	1	1	0	1	0	1	1	0	1
ORTHOMCL397	1	1	1	1	1	0	1	0	0	0	0	0	1	1	0	1	0	0	1	0	1
ORTHOMCL396	1	1	1	1	1	0	0	0	0	0	0	0	1	1	0	1	0	1	1	0	1
ORTHOMCL391	1	1	0	1	1	0	0	0	0	0	0	0	1	1	0	1	0	2	1	0	1
ORTHOMCL390	1	1	1	1	1	0	0	0	0	0	0	0	1	0	0	1	0	2	1	0	1
ORTHOMCL393	0	1	1	2	1	0	0	0	0	0	0	0	1	1	0	1	0	1	1	0	1
ORTHOMCL392	1	1	0	1	0	0	0	0	0	0	0	1	1	1	1	1	0	1	1	0	1
ORTHOMCL399	1	1	1	0	1	0	0	0	0	0	0	0	1	1	0	1	0	2	1	0	1
ORTHOMCL398	1	1	1	1	1	0	0	0	0	0	0	0	1	1	0	1	0	1	1	0	1
ORTHOMCL469	1	1	1	1	0	0	0	0	0	0	0	0	1	1	0	1	0	1	1	0	1
ORTHOMCL468	0	1	0	1	1	0	0	0	1	0	0	0	1	1	0	1	0	1	1	0	1
ORTHOMCL1078	0	0	0	0	0	0	0	0	1	0	1	0	0	0	1	0	0	0	0	0	0
ORTHOMCL1079	0	0	0	0	0	0	0	0	0	0	0	0	0	0	0	0	0	0	0	0	2
ORTHOMCL1070	0	0	0	0	0	0	0	0	0	0	0	0	1	1	0	0	0	0	1	0	0
ORTHOMCL1071	1	0	0	0	0	0	0	0	0	0	0	0	1	0	0	1	0	0	0	0	0
ORTHOMCL1072	0	0	0	0	1	0	0	0	0	0	0	0	1	0	0	0	0	0	1	0	0
ORTHOMCL1073	0	0	0	1	0	0	0	0	0	0	0	0	1	0	0	0	0	0	1	0	0
ORTHOMCL1074	0	0	0	0	1	0	0	0	0	0	0	0	2	0	0	0	0	0	0	0	0
ORTHOMCL1075	1	0	1	0	0	0	0	0	0	0	0	0	1	0	0	0	0	0	0	0	0
ORTHOMCL1076	0	0	0	0	0	0	0	0	0	0	0	0	3	0	0	0	0	0	0	0	0
ORTHOMCL1077	0	0	0	0	0	0	0	0	0	0	0	0	3	0	0	0	0	0	0	0	0
ORTHOMCL269	0	1	0	1	1	0	1	0	0	1	0	1	1	1	1	1	1	2	1	0	1
ORTHOMCL268	0	2	0	1	5	0	0	0	0	0	0	0	1	1	0	1	0	1	1	0	2
ORTHOMCL261	0	0	0	0	0	0	0	0	0	0	0	5	0	0	0	0	10	0	0	0	0
ORTHOMCL260	1	1	1	0	0	0	0	2	1	1	0	1	0	1	1	0	1	1	1	0	2
ORTHOMCL263	0	1	0	1	1	0	1	1	1	1	0	1	0	1	1	0	1	2	0	0	2
ORTHOMCL262	0	2	1	0	1	0	0	0	1	1	0	1	0	1	0	1	1	2	1	0	2
ORTHOMCL265	0	1	1	1	1	0	0	0	0	0	0	3	1	1	0	1	1	1	1	1	1
ORTHOMCL264	1	1	1	1	1	0	0	1	2	0	0	0	1	1	0	1	0	1	1	1	1
ORTHOMCL267	0	1	0	1	5	0	0	0	0	0	0	0	1	1	0	2	0	3	0	0	1
ORTHOMCL266	1	1	1	1	1	0	0	0	0	1	0	1	1	1	1	1	1	1	1	0	1
ORTHOMCL1294	0	0	0	0	0	0	0	0	0	0	0	0	0	0	0	0	0	2	0	0	0
ORTHOMCL1295	0	0	0	0	0	0	0	0	0	0	0	0	0	0	0	0	0	2	0	0	0
ORTHOMCL1296	0	0	0	0	0	0	0	0	0	0	0	0	0	0	0	0	0	1	0	0	1
ORTHOMCL1297	0	0	0	0	0	0	0	0	0	0	0	0	0	0	0	0	0	2	0	0	0
ORTHOMCL1290	0	0	0	0	0	0	0	0	0	0	0	0	0	0	0	0	0	2	0	0	0
ORTHOMCL1291	0	0	0	0	0	0	0	0	0	0	0	1	0	0	0	0	0	1	0	0	0
ORTHOMCL1292	0	0	0	1	0	0	0	0	0	0	0	0	0	0	0	0	0	1	0	0	0
ORTHOMCL1293	0	1	0	0	0	0	0	0	0	0	0	0	0	0	0	0	0	1	0	0	0
ORTHOMCL1298	0	0	0	0	0	0	0	0	0	0	0	0	0	0	0	0	0	1	0	0	1
ORTHOMCL1299	0	0	0	1	0	0	0	0	0	0	0	0	0	0	0	0	0	1	0	0	0
ORTHOMCL1104	0	0	0	1	0	0	0	0	0	0	0	0	0	0	0	0	0	0	0	0	1
ORTHOMCL1105	0	0	0	1	0	0	0	0	0	0	0	0	0	0	0	0	0	0	0	0	1
ORTHOMCL1106	0	0	0	1	0	0	0	0	0	0	0	0	0	0	0	0	0	0	0	0	1
ORTHOMCL1107	0	0	0	1	0	0	0	0	0	0	0	0	0	0	0	0	0	0	0	0	1
ORTHOMCL1100	0	0	0	1	0	0	0	0	0	0	0	0	0	0	0	0	0	0	0	0	1
ORTHOMCL1101	0	0	0	1	0	0	0	0	0	0	0	0	0	0	0	0	0	0	0	0	1
ORTHOMCL1102	0	0	0	1	0	0	0	0	0	0	0	0	0	0	0	0	0	0	0	0	1
ORTHOMCL1103	0	0	0	1	0	0	0	0	0	0	0	0	0	0	0	0	0	0	0	0	1
ORTHOMCL1108	0	0	0	1	0	0	0	0	0	0	0	0	0	0	0	0	0	0	0	0	1
ORTHOMCL1109	0	0	0	2	0	0	0	0	0	0	0	0	0	0	0	0	0	0	0	0	0
ORTHOMCL728	1	0	1	0	0	0	0	1	0	0	0	0	1	0	0	1	0	0	0	0	0
ORTHOMCL729	1	0	1	0	0	0	0	0	1	0	0	0	1	0	0	0	0	0	0	1	0
ORTHOMCL898	0	0	0	0	0	0	0	0	0	0	0	0	0	1	0	1	0	0	1	0	0
ORTHOMCL899	0	0	0	1	0	0	0	1	1	0	0	0	0	0	0	0	0	0	0	0	0
ORTHOMCL896	0	0	0	0	0	0	0	0	0	0	0	0	0	1	0	1	0	0	1	0	0
ORTHOMCL897	0	0	0	0	0	0	0	0	0	0	0	0	0	1	0	1	0	0	1	0	0
ORTHOMCL726	0	1	0	0	1	0	0	0	0	0	0	0	1	1	0	0	0	0	1	0	0
ORTHOMCL895	0	0	0	1	0	0	0	0	0	0	0	0	0	1	0	0	0	0	1	0	0
ORTHOMCL892	0	0	0	0	0	0	0	0	0	0	0	0	0	1	0	1	0	0	1	0	0
ORTHOMCL893	0	0	0	0	0	0	0	0	0	0	0	0	0	1	0	1	0	0	1	0	0
ORTHOMCL890	0	0	0	0	0	0	0	0	0	0	0	0	0	1	0	1	0	0	1	0	0
ORTHOMCL891	0	0	0	0	0	0	0	0	0	1	0	0	0	1	0	0	0	0	1	0	0
ORTHOMCL650	0	1	1	1	0	0	0	0	0	0	0	0	1	0	0	0	0	1	0	0	1
ORTHOMCL651	1	0	1	0	1	0	0	0	0	0	0	0	1	1	0	0	0	0	1	0	0
ORTHOMCL652	0	0	1	0	1	0	0	0	0	0	0	0	1	1	0	1	0	0	1	0	0
ORTHOMCL653	1	1	0	1	0	0	0	0	0	0	0	0	1	0	0	0	0	1	0	0	1
ORTHOMCL654	1	0	0	0	1	0	0	0	0	0	0	0	1	1	0	1	0	0	1	0	0
ORTHOMCL655	1	1	1	0	0	0	0	0	0	0	0	0	1	0	0	0	0	0	1	0	1
ORTHOMCL656	0	1	1	0	0	0	0	0	0	0	0	0	1	0	0	0	0	1	1	0	1
ORTHOMCL657	0	1	0	1	0	0	0	1	0	0	0	0	1	0	0	0	0	1	0	0	1
ORTHOMCL658	0	1	0	1	0	0	0	0	0	0	0	0	1	0	0	1	0	0	1	0	1
ORTHOMCL659	1	0	1	0	0	0	0	0	0	0	0	0	1	1	0	1	0	0	1	0	0
ORTHOMCL388	1	1	1	1	0	0	0	0	0	0	0	0	1	1	0	1	0	1	1	0	2
ORTHOMCL389	1	1	1	1	1	0	0	0	0	0	0	0	1	1	0	1	0	1	1	0	1
ORTHOMCL382	1	1	1	1	1	0	0	0	0	0	0	0	1	1	0	1	0	1	1	0	1
ORTHOMCL383	0	1	1	1	1	0	0	0	0	0	0	0	1	1	0	2	0	1	1	0	1
ORTHOMCL380	1	1	1	1	1	0	0	0	0	0	0	0	1	1	0	1	0	1	1	0	1
ORTHOMCL381	1	1	1	2	1	0	0	0	0	0	0	0	1	0	0	1	0	1	1	0	1
ORTHOMCL386	0	1	1	1	1	0	0	0	0	0	0	0	1	1	0	1	0	2	1	0	1
ORTHOMCL387	1	1	1	1	1	0	0	0	0	0	0	0	1	1	0	1	0	1	1	0	1
ORTHOMCL384	1	1	0	2	1	0	0	0	0	0	0	0	1	1	0	1	0	1	1	0	1
ORTHOMCL385	1	1	1	1	1	0	0	0	0	0	0	0	1	1	0	1	0	1	1	0	1
ORTHOMCL474	0	0	0	0	0	0	0	0	0	0	0	0	0	0	0	0	0	0	0	0	9
ORTHOMCL475	0	0	0	9	0	0	0	0	0	0	0	0	0	0	0	0	0	0	0	0	0
ORTHOMCL476	0	0	0	0	0	0	0	0	0	0	0	0	0	0	0	9	0	0	0	0	0
ORTHOMCL477	0	0	0	0	0	0	0	9	0	0	0	0	0	0	0	0	0	0	0	0	0
ORTHOMCL470	1	1	1	1	0	0	0	0	0	0	1	0	1	0	0	1	0	1	1	0	1
ORTHOMCL471	1	0	1	1	0	0	1	1	0	0	1	1	0	0	0	0	1	0	0	1	1
ORTHOMCL472	1	1	0	1	0	0	0	0	0	0	1	0	1	1	0	1	0	1	1	0	1
ORTHOMCL473	0	0	0	0	0	0	0	9	0	0	1	0	0	0	0	0	0	0	0	0	0
ORTHOMCL478	0	2	0	1	1	0	0	0	1	0	0	0	0	1	0	1	0	0	1	0	1
ORTHOMCL479	0	2	1	1	1	0	0	0	0	0	0	0	0	1	0	1	0	0	1	0	1
ORTHOMCL1069	0	0	0	0	0	0	0	0	0	0	0	0	1	0	0	1	0	0	1	0	0
ORTHOMCL1068	0	0	0	0	0	0	0	0	0	0	0	1	0	0	1	0	1	0	0	0	0
ORTHOMCL1063	0	0	0	0	0	0	0	0	0	1	0	0	0	0	1	0	1	0	0	0	0
ORTHOMCL1062	0	0	0	0	0	0	0	0	0	0	0	1	0	0	1	0	1	0	0	0	0
ORTHOMCL1061	0	0	0	0	0	0	0	0	0	0	0	1	0	0	1	0	1	0	0	0	0
ORTHOMCL1060	0	0	0	0	0	0	0	0	0	0	0	1	0	0	1	0	1	0	0	0	0
ORTHOMCL1067	0	0	0	0	0	0	0	0	0	0	0	1	0	0	1	0	1	0	0	0	0
ORTHOMCL1066	0	0	0	0	0	0	0	0	0	0	0	1	0	0	0	0	1	0	0	0	1
ORTHOMCL1065	0	0	0	0	0	0	0	0	0	1	0	0	0	0	1	0	1	0	0	0	0
ORTHOMCL1064	0	0	0	0	0	0	0	0	0	1	0	1	0	0	0	0	1	0	0	0	0
ORTHOMCL28	2	2	0	2	2	0	1	0	0	3	0	3	2	2	3	1	4	2	2	0	3
ORTHOMCL29	0	3	0	4	2	0	1	1	2	1	0	1	2	2	2	2	1	3	2	1	4
ORTHOMCL22	1	2	1	4	3	0	1	0	1	1	0	1	2	3	1	3	1	3	2	1	5
ORTHOMCL23	2	3	2	3	2	0	1	1	2	1	0	1	2	2	1	2	1	4	2	0	4
ORTHOMCL20	3	3	2	2	2	1	1	1	1	1	1	1	3	3	1	2	1	3	3	1	2
ORTHOMCL21	0	0	0	0	0	0	0	0	0	0	0	0	0	0	0	0	0	37	0	0	0
ORTHOMCL26	2	2	2	3	2	0	2	1	1	1	1	1	2	2	1	2	1	3	2	1	3
ORTHOMCL27	0	5	1	4	3	0	0	0	1	1	0	1	1	3	1	3	1	3	2	0	4
ORTHOMCL24	2	3	1	3	2	0	1	1	0	1	0	1	3	3	1	3	1	3	3	1	3
ORTHOMCL25	3	2	2	2	2	0	2	0	1	1	2	1	3	3	1	2	1	2	3	0	2
ORTHOMCL278	1	1	1	1	1	0	0	0	0	1	1	1	1	1	1	1	0	1	1	0	1
ORTHOMCL279	1	1	1	1	1	0	1	0	1	0	1	0	1	1	0	1	0	1	1	1	1
ORTHOMCL276	0	1	1	1	1	0	0	0	1	0	4	0	1	1	0	1	0	1	1	0	1
ORTHOMCL277	1	1	1	1	1	0	0	0	1	1	1	1	1	1	0	1	1	1	1	0	0
ORTHOMCL274	1	1	2	1	1	0	0	0	0	0	0	0	1	2	0	2	0	1	2	0	1
ORTHOMCL275	0	1	1	0	1	0	2	0	3	0	0	0	1	1	0	1	0	1	1	1	1
ORTHOMCL272	0	1	1	1	1	0	0	0	1	1	0	1	1	1	1	1	1	1	1	0	1
ORTHOMCL273	1	7	0	0	0	0	0	0	0	0	0	0	1	0	0	0	0	4	0	0	2
ORTHOMCL270	0	1	1	1	1	0	0	0	0	1	0	1	1	1	0	1	1	2	1	0	2
ORTHOMCL271	1	1	0	1	1	0	1	0	0	1	0	1	1	1	1	1	1	1	1	0	1
ORTHOMCL1287	0	0	0	0	0	0	0	0	0	0	0	0	0	0	0	0	0	2	0	0	0
ORTHOMCL1286	0	0	0	0	0	0	0	0	0	0	0	0	0	0	0	0	0	2	0	0	0
ORTHOMCL1285	0	0	0	0	0	0	0	0	0	0	0	0	0	0	0	0	0	1	0	0	1
ORTHOMCL1284	0	0	0	0	0	0	0	0	1	0	0	0	0	0	0	0	0	1	0	0	0
ORTHOMCL1283	0	0	0	1	0	0	0	0	0	0	0	0	0	0	0	0	0	1	0	0	0
ORTHOMCL1282	0	1	0	0	0	0	0	0	0	0	0	0	0	0	0	0	0	1	0	0	0
ORTHOMCL1281	0	1	0	0	0	0	0	0	0	0	0	0	0	0	0	0	0	1	0	0	0
ORTHOMCL1280	0	0	0	0	0	0	0	0	0	0	0	2	0	0	0	0	0	0	0	0	0
ORTHOMCL1289	0	0	0	0	0	0	0	0	0	0	0	0	0	0	0	0	0	2	0	0	0
ORTHOMCL1288	0	0	0	0	0	0	0	0	0	0	0	0	0	0	0	0	0	2	0	0	0
ORTHOMCL1117	0	0	0	0	0	0	0	0	2	0	0	0	0	0	0	0	0	0	0	0	0
ORTHOMCL1116	0	0	0	0	0	0	0	0	2	0	0	0	0	0	0	0	0	0	0	0	0
ORTHOMCL1115	0	0	0	0	0	0	0	0	2	0	0	0	0	0	0	0	0	0	0	0	0
ORTHOMCL1114	0	0	0	0	0	0	0	0	2	0	0	0	0	0	0	0	0	0	0	0	0
ORTHOMCL1113	0	0	0	0	0	1	0	0	1	0	0	0	0	0	0	0	0	0	0	0	0
ORTHOMCL1112	0	0	2	0	0	0	0	0	0	0	0	0	0	0	0	0	0	0	0	0	0
ORTHOMCL1111	0	0	1	0	0	0	0	0	0	0	0	0	0	0	0	0	0	0	0	0	1
ORTHOMCL1110	0	0	2	0	0	0	0	0	0	0	0	0	0	0	0	0	0	0	0	0	0
ORTHOMCL1119	0	0	0	0	0	0	0	0	2	0	0	0	0	0	0	0	0	0	0	0	0
ORTHOMCL1118	0	0	0	0	0	0	0	0	2	0	0	0	0	0	0	0	0	0	0	0	0
ORTHOMCL1311	0	0	0	0	0	0	1	0	0	0	0	0	0	0	0	0	0	0	0	1	0
ORTHOMCL1310	0	0	0	0	0	0	0	0	0	0	0	0	0	0	0	0	0	0	0	2	0
ORTHOMCL256	0	2	0	1	1	0	1	0	0	1	1	1	0	1	1	1	1	0	1	1	2
ORTHOMCL1312	0	0	0	0	0	0	2	0	0	0	0	0	0	0	0	0	0	0	0	0	0
ORTHOMCL1315	0	0	0	0	0	0	1	0	0	0	0	0	0	0	0	0	0	0	0	1	0
ORTHOMCL1314	0	0	0	0	0	0	1	0	0	0	0	0	0	0	0	0	0	0	0	1	0
ORTHOMCL863	0	0	0	0	0	0	0	0	0	0	0	0	1	1	0	1	0	0	1	0	0
ORTHOMCL862	0	0	0	0	1	0	0	0	0	0	0	0	1	1	0	0	0	0	1	0	0
ORTHOMCL713	0	0	0	0	1	0	0	0	0	1	0	1	0	0	1	0	1	0	0	0	0
ORTHOMCL860	0	0	0	0	0	0	0	0	0	0	0	0	4	0	0	0	0	0	0	0	0
ORTHOMCL867	0	0	0	0	0	0	0	0	0	0	0	0	4	0	0	0	0	0	0	0	0
ORTHOMCL1317	0	0	0	0	0	0	1	0	0	0	0	0	0	0	0	0	0	0	0	1	0
ORTHOMCL865	0	1	0	1	1	0	0	0	0	0	0	0	1	0	0	0	0	0	0	0	0
ORTHOMCL716	0	0	0	0	0	0	0	1	1	0	0	1	0	0	1	0	1	0	0	0	0
ORTHOMCL719	0	0	0	0	0	0	0	0	0	1	0	2	0	0	1	0	1	0	0	0	0
ORTHOMCL718	0	0	0	0	0	0	0	0	2	1	0	1	0	0	0	0	1	0	0	0	0
ORTHOMCL869	0	0	0	1	0	0	0	0	0	0	0	0	1	0	0	0	0	0	1	0	1
ORTHOMCL1316	0	0	0	0	0	0	1	0	0	0	0	0	0	0	0	0	0	0	0	1	0
ORTHOMCL665	0	0	0	0	0	0	0	0	0	0	0	0	0	5	0	0	0	0	0	0	0
ORTHOMCL664	0	0	0	0	0	0	0	0	5	0	0	0	0	0	0	0	0	0	0	0	0
ORTHOMCL667	0	0	0	0	0	0	0	0	0	0	0	0	0	0	0	5	0	0	0	0	0
ORTHOMCL666	0	0	0	0	0	0	0	0	0	0	0	0	0	0	0	5	0	0	0	0	0
ORTHOMCL661	0	0	0	0	0	0	0	0	0	0	3	0	0	1	0	1	0	0	1	0	0
ORTHOMCL660	1	0	0	0	1	0	0	0	0	0	0	0	1	1	0	0	0	1	1	0	0
ORTHOMCL663	0	0	0	0	0	0	0	0	5	0	0	0	0	0	0	0	0	0	0	0	0
ORTHOMCL662	0	0	0	0	0	0	2	0	0	0	3	0	0	0	0	0	0	1	0	0	0
ORTHOMCL669	0	0	1	0	1	0	0	0	0	0	0	0	0	1	0	1	0	0	1	0	0
ORTHOMCL668	0	0	0	0	0	0	0	5	0	0	0	0	0	0	0	0	0	0	0	0	0
ORTHOMCL449	1	1	1	1	1	0	0	0	0	0	0	0	1	1	0	0	0	1	1	0	1
ORTHOMCL448	1	1	1	1	1	0	0	0	0	0	0	0	1	1	0	1	0	0	1	0	1
ORTHOMCL441	0	1	1	1	1	0	0	0	0	0	0	0	1	1	0	1	0	1	1	0	1
ORTHOMCL440	1	1	0	1	1	0	0	0	0	0	0	0	1	1	0	1	0	1	1	0	1
ORTHOMCL443	1	1	0	1	1	0	0	0	0	0	0	0	1	1	0	1	0	1	1	0	1
ORTHOMCL442	0	1	1	0	1	0	0	0	0	0	0	0	1	1	0	1	0	2	1	0	1
ORTHOMCL445	1	1	0	1	1	0	0	0	0	0	0	0	1	1	0	1	0	1	1	0	1
ORTHOMCL444	1	1	1	1	1	0	0	0	0	0	0	0	1	1	0	0	0	1	1	0	1
ORTHOMCL447	1	1	1	1	0	0	0	0	0	0	0	0	1	1	0	1	0	1	1	0	1
ORTHOMCL446	1	1	0	1	1	0	0	0	0	0	0	0	1	1	0	1	0	1	1	0	1
ORTHOMCL1056	0	0	0	0	0	0	0	0	0	0	0	1	0	0	1	0	1	0	0	0	0
ORTHOMCL1057	0	0	0	0	0	0	0	0	0	0	0	1	0	0	1	0	1	0	0	0	0
ORTHOMCL1054	0	0	0	0	0	0	0	0	0	1	0	0	0	0	1	0	1	0	0	0	0
ORTHOMCL1055	0	0	0	0	0	0	0	0	0	1	0	1	0	0	0	0	1	0	0	0	0
ORTHOMCL1052	0	0	0	0	0	0	0	0	0	1	0	1	0	0	0	0	1	0	0	0	0
ORTHOMCL1053	0	0	0	0	0	0	0	0	0	1	0	0	0	0	1	0	1	0	0	0	0
ORTHOMCL1050	0	0	0	0	0	0	0	0	0	1	0	0	0	0	1	0	1	0	0	0	0
ORTHOMCL1051	0	0	0	0	0	0	0	0	0	0	0	1	0	0	1	0	1	0	0	0	0
ORTHOMCL1058	0	0	0	0	0	0	0	0	0	1	0	1	0	0	0	0	1	0	0	0	0
ORTHOMCL1059	0	0	0	0	0	0	0	0	0	0	0	1	0	0	0	0	2	0	0	0	0
ORTHOMCL39	1	3	0	3	2	0	1	1	2	1	1	1	1	2	2	2	1	3	2	1	2
ORTHOMCL38	2	3	1	3	1	2	0	1	1	1	1	1	1	2	1	2	1	3	2	1	3
ORTHOMCL31	2	3	2	3	2	0	1	1	1	0	2	1	2	2	1	2	1	2	2	1	3
ORTHOMCL30	1	4	2	3	2	0	1	0	1	2	0	2	2	2	1	2	1	4	2	1	1
ORTHOMCL33	1	1	0	1	1	0	0	10	0	0	11	1	1	1	0	1	0	3	1	0	1
ORTHOMCL32	1	3	2	2	1	0	2	1	3	2	3	1	1	1	1	1	1	3	1	1	3
ORTHOMCL35	2	2	1	2	1	0	2	2	1	1	1	1	3	2	1	2	1	2	2	3	1
ORTHOMCL34	2	3	2	2	2	0	1	1	1	1	1	1	2	2	1	2	1	3	2	1	2
ORTHOMCL37	3	2	2	2	2	0	1	0	1	1	1	1	2	3	0	3	1	3	3	0	2
ORTHOMCL36	1	2	1	3	1	0	1	4	1	1	1	1	1	2	1	2	1	3	2	1	3
ORTHOMCL283	1	1	1	2	1	0	0	0	0	0	0	0	1	1	0	1	0	2	1	0	2
ORTHOMCL282	0	1	1	1	1	0	0	0	1	1	0	1	1	0	0	1	1	1	1	0	2
ORTHOMCL281	2	1	0	1	0	0	1	0	2	1	0	1	0	0	0	0	1	1	0	1	2
ORTHOMCL280	1	2	0	2	1	0	0	0	0	0	0	0	0	1	0	2	0	3	1	0	1
ORTHOMCL287	1	1	1	1	1	0	2	0	0	0	0	0	1	1	0	1	0	1	1	1	1
ORTHOMCL286	1	1	1	1	0	0	0	0	2	0	0	0	1	2	0	1	0	3	1	0	0
ORTHOMCL285	1	2	1	2	1	0	0	0	0	0	0	0	1	1	0	1	0	1	1	0	2
ORTHOMCL284	1	1	1	1	0	0	1	0	3	0	0	0	1	1	0	1	0	1	1	0	1
ORTHOMCL289	1	1	1	1	1	0	0	1	1	0	0	0	1	1	0	1	0	2	1	0	1
ORTHOMCL288	1	1	0	1	1	0	0	0	1	1	0	0	1	1	1	1	1	1	1	0	1
ORTHOMCL1122	0	0	0	0	0	0	0	0	2	0	0	0	0	0	0	0	0	0	0	0	0
ORTHOMCL1123	0	0	0	0	0	0	0	0	2	0	0	0	0	0	0	0	0	0	0	0	0
ORTHOMCL1120	0	0	0	0	0	0	0	0	2	0	0	0	0	0	0	0	0	0	0	0	0
ORTHOMCL1121	0	0	0	0	0	0	0	0	2	0	0	0	0	0	0	0	0	0	0	0	0
ORTHOMCL1126	0	0	0	0	0	0	0	0	2	0	0	0	0	0	0	0	0	0	0	0	0
ORTHOMCL1127	0	0	0	0	0	0	0	0	2	0	0	0	0	0	0	0	0	0	0	0	0
ORTHOMCL1124	0	0	0	0	0	0	0	0	2	0	0	0	0	0	0	0	0	0	0	0	0
ORTHOMCL1125	0	0	0	0	0	0	0	0	2	0	0	0	0	0	0	0	0	0	0	0	0
ORTHOMCL1128	0	0	0	0	0	0	0	0	2	0	0	0	0	0	0	0	0	0	0	0	0
ORTHOMCL1129	0	0	0	0	0	0	0	0	2	0	0	0	0	0	0	0	0	0	0	0	0
ORTHOMCL246	1	1	1	0	1	0	1	0	1	1	0	1	1	1	0	1	1	1	1	1	1
ORTHOMCL919	0	0	0	0	1	0	0	0	0	0	0	0	0	1	0	0	0	0	1	0	0
ORTHOMCL918	0	0	0	0	1	0	0	0	0	0	0	0	0	1	0	0	0	0	1	0	0
ORTHOMCL913	0	0	0	0	1	0	0	0	0	0	0	0	0	0	0	1	0	0	1	0	0
ORTHOMCL912	0	0	0	0	1	0	0	0	0	0	0	0	0	1	0	0	0	0	1	0	0
ORTHOMCL911	0	0	0	0	1	0	0	0	0	0	0	0	0	1	0	0	0	0	1	0	0
ORTHOMCL910	0	0	0	0	1	0	0	0	0	0	0	0	0	1	0	0	0	0	1	0	0
ORTHOMCL917	0	0	0	0	1	0	0	0	0	0	0	0	0	1	0	0	0	0	1	0	0
ORTHOMCL916	0	0	0	0	1	0	0	0	0	0	0	0	0	1	0	0	0	0	1	0	0
ORTHOMCL915	0	0	0	0	1	0	0	0	0	0	0	0	0	1	0	0	0	0	1	0	0
ORTHOMCL914	0	0	1	0	1	0	0	0	0	0	0	0	0	0	0	0	0	0	1	0	0
ORTHOMCL706	0	0	0	0	0	0	2	0	0	0	0	0	0	0	0	0	0	0	0	3	0
ORTHOMCL707	0	0	0	0	0	0	0	1	0	0	0	2	0	0	1	0	0	1	0	0	0
ORTHOMCL704	0	0	1	0	0	3	0	0	0	0	0	0	0	0	0	0	0	0	0	1	0
ORTHOMCL705	0	0	1	0	1	0	1	0	0	0	0	0	0	0	0	0	0	0	1	1	0
ORTHOMCL702	0	1	0	1	0	0	0	0	0	0	0	0	0	0	0	0	0	1	0	0	2
ORTHOMCL703	0	0	0	0	0	0	0	0	0	0	0	0	0	0	0	0	0	0	0	5	0
ORTHOMCL700	0	1	0	1	0	0	0	0	0	0	0	0	0	0	0	1	0	1	0	0	1
ORTHOMCL877	0	0	0	0	0	3	0	0	0	0	0	0	0	0	0	0	0	0	0	0	0
ORTHOMCL878	0	0	0	0	0	0	0	0	3	0	0	0	0	0	0	0	0	0	0	0	0
ORTHOMCL879	0	0	0	0	0	0	0	0	3	0	0	0	0	0	0	0	0	0	0	0	0
ORTHOMCL708	0	1	0	1	0	0	0	0	0	0	0	0	0	0	1	0	0	1	0	0	1
ORTHOMCL709	0	0	0	0	0	0	0	0	0	1	0	2	0	0	1	0	1	0	0	0	0
ORTHOMCL678	0	0	0	0	1	0	0	0	0	0	0	0	0	3	0	0	0	0	1	0	0
ORTHOMCL679	0	0	1	0	1	0	0	0	0	0	0	0	0	1	0	1	0	0	1	0	0
ORTHOMCL672	0	0	1	0	1	0	0	0	0	0	0	0	0	1	0	1	0	0	1	0	0
ORTHOMCL673	0	0	1	0	1	0	0	0	0	0	0	0	0	1	0	1	0	0	1	0	0
ORTHOMCL670	0	0	2	0	1	0	0	0	0	0	0	0	0	0	0	1	0	0	1	0	0
ORTHOMCL671	0	0	1	0	1	0	0	0	0	0	0	0	0	1	0	1	0	0	1	0	0
ORTHOMCL676	0	0	1	0	2	0	0	0	0	0	0	0	0	1	0	1	0	0	0	0	0
ORTHOMCL677	0	0	0	0	5	0	0	0	0	0	0	0	0	0	0	0	0	0	0	0	0
ORTHOMCL674	0	0	1	0	1	0	0	0	0	0	0	0	0	1	0	1	0	0	1	0	0
ORTHOMCL675	0	0	1	0	1	0	0	0	0	0	0	0	0	1	0	1	0	0	1	0	0
ORTHOMCL458	0	1	1	1	1	0	0	0	0	0	0	0	1	1	0	1	0	1	1	0	1
ORTHOMCL459	1	1	1	1	1	0	0	0	0	0	0	0	1	1	0	1	0	1	1	0	0
ORTHOMCL456	1	2	0	1	1	0	0	0	0	0	0	0	1	0	0	0	0	2	1	0	1
ORTHOMCL457	1	0	1	1	1	0	0	0	0	0	0	0	1	1	0	2	0	1	1	0	0
ORTHOMCL454	1	1	1	0	1	0	0	0	0	0	0	0	1	1	0	1	0	1	1	0	1
ORTHOMCL455	1	1	1	0	1	0	0	0	0	0	0	0	1	1	0	0	0	2	1	0	1
ORTHOMCL452	0	1	1	1	1	0	0	0	0	0	0	0	1	1	0	1	0	1	1	0	1
ORTHOMCL453	1	1	0	1	1	0	0	0	0	0	0	0	1	1	0	1	0	1	1	0	1
ORTHOMCL450	1	1	1	1	1	0	0	0	0	0	0	0	1	1	0	0	0	1	1	0	1
ORTHOMCL451	1	0	0	0	1	0	0	0	0	1	0	0	1	1	1	1	0	1	1	0	1
ORTHOMCL1041	0	0	0	0	0	0	0	0	0	1	0	0	0	0	1	0	0	0	0	1	0
ORTHOMCL1040	0	0	0	0	0	0	0	0	0	1	0	1	0	0	1	0	0	0	0	0	0
ORTHOMCL1043	0	0	0	0	0	0	0	0	0	1	0	1	0	0	1	0	0	0	0	0	0
ORTHOMCL1042	0	0	0	0	0	0	0	0	0	1	0	1	0	0	1	0	0	0	0	0	0
ORTHOMCL1045	0	0	0	0	0	0	0	0	0	1	0	1	0	0	1	0	0	0	0	0	0
ORTHOMCL1044	0	0	0	0	0	0	0	1	0	1	0	0	0	0	1	0	0	0	0	0	0
ORTHOMCL1047	0	0	0	0	0	0	0	0	0	1	0	1	0	0	0	0	1	0	0	0	0
ORTHOMCL1046	0	0	0	0	0	0	0	0	0	1	0	0	0	0	2	0	0	0	0	0	0
ORTHOMCL1049	0	0	0	0	0	0	0	0	0	0	0	1	0	0	1	0	1	0	0	0	0
ORTHOMCL1048	0	0	0	0	0	0	0	0	0	1	0	1	0	0	0	0	1	0	0	0	0
ORTHOMCL290	1	1	1	1	1	0	0	0	0	1	0	0	1	1	0	1	1	2	1	0	1
ORTHOMCL291	1	2	0	2	0	0	1	0	0	0	0	0	1	1	0	1	0	2	1	1	1
ORTHOMCL292	1	2	1	1	1	0	1	0	0	0	0	0	1	1	0	1	0	1	1	0	2
ORTHOMCL293	1	2	1	1	1	0	0	0	0	0	0	0	1	1	0	1	0	2	1	0	2
ORTHOMCL294	1	1	1	1	1	0	1	0	0	0	0	0	1	2	0	1	0	1	2	1	0
ORTHOMCL295	1	1	1	1	2	0	0	0	0	0	0	0	2	2	0	0	0	1	2	0	1
ORTHOMCL296	0	1	0	1	1	0	0	0	2	1	0	1	1	1	0	1	1	1	1	0	1
ORTHOMCL297	1	1	1	1	1	0	1	1	1	0	0	0	1	0	0	1	0	1	1	1	1
ORTHOMCL298	1	1	1	0	1	0	1	0	0	0	0	1	1	1	0	1	1	2	1	0	1
ORTHOMCL299	0	1	0	1	1	0	1	0	0	0	0	0	2	1	0	1	1	2	1	1	1
ORTHOMCL1139	0	0	0	0	0	0	0	0	2	0	0	0	0	0	0	0	0	0	0	0	0
ORTHOMCL1138	0	0	0	0	0	0	0	0	2	0	0	0	0	0	0	0	0	0	0	0	0
ORTHOMCL1135	0	0	0	0	0	0	0	0	2	0	0	0	0	0	0	0	0	0	0	0	0
ORTHOMCL1134	0	0	0	0	0	0	0	0	2	0	0	0	0	0	0	0	0	0	0	0	0
ORTHOMCL1137	0	0	0	0	0	0	0	0	2	0	0	0	0	0	0	0	0	0	0	0	0
ORTHOMCL1136	0	0	0	0	0	0	0	0	2	0	0	0	0	0	0	0	0	0	0	0	0
ORTHOMCL1131	0	0	0	0	0	0	0	0	2	0	0	0	0	0	0	0	0	0	0	0	0
ORTHOMCL1130	0	0	0	0	0	0	0	0	2	0	0	0	0	0	0	0	0	0	0	0	0
ORTHOMCL1133	0	0	0	0	0	0	0	0	2	0	0	0	0	0	0	0	0	0	0	0	0
ORTHOMCL1132	0	0	0	0	0	0	0	0	2	0	0	0	0	0	0	0	0	0	0	0	0
ORTHOMCL1423	0	0	0	0	0	0	0	0	0	0	2	0	0	0	0	0	0	0	0	0	0
ORTHOMCL1422	0	0	0	0	0	0	0	0	0	0	2	0	0	0	0	0	0	0	0	0	0
ORTHOMCL1421	0	0	0	0	0	0	0	0	0	0	2	0	0	0	0	0	0	0	0	0	0
ORTHOMCL1420	0	0	0	1	0	0	0	0	0	0	1	0	0	0	0	0	0	0	0	0	0
ORTHOMCL1427	0	0	0	0	0	0	0	0	0	0	2	0	0	0	0	0	0	0	0	0	0
ORTHOMCL1426	0	0	1	0	0	0	0	0	0	0	1	0	0	0	0	0	0	0	0	0	0
ORTHOMCL1425	0	0	0	0	0	0	0	0	0	0	2	0	0	0	0	0	0	0	0	0	0
ORTHOMCL1424	0	0	0	0	0	0	0	0	0	0	2	0	0	0	0	0	0	0	0	0	0
ORTHOMCL1428	0	0	0	0	0	0	0	0	1	0	1	0	0	0	0	0	0	0	0	0	0
ORTHOMCL84	0	2	1	1	1	0	1	1	4	1	0	1	2	2	1	2	1	1	2	1	2
ORTHOMCL85	0	2	3	2	1	0	1	0	1	1	0	1	2	2	1	3	1	1	2	1	2
ORTHOMCL88	1	3	2	3	1	0	1	0	0	1	0	1	1	1	1	1	1	3	1	1	4
ORTHOMCL89	2	1	2	1	2	0	2	0	1	1	1	1	2	2	1	2	1	2	2	0	1
ORTHOMCL908	0	0	0	0	1	0	0	0	0	0	0	0	0	1	0	0	0	0	1	0	0
ORTHOMCL909	0	0	0	0	1	0	0	0	0	0	0	0	0	1	0	0	0	0	1	0	0
ORTHOMCL900	0	0	0	0	0	0	0	3	0	0	0	0	0	0	0	0	0	0	0	0	0
ORTHOMCL901	0	0	0	0	0	0	0	3	0	0	0	0	0	0	0	0	0	0	0	0	0
ORTHOMCL902	0	0	0	0	0	0	0	3	0	0	0	0	0	0	0	0	0	0	0	0	0
ORTHOMCL903	0	0	0	0	1	0	0	0	0	0	0	0	0	0	0	1	0	0	1	0	0
ORTHOMCL904	0	0	0	0	1	0	0	0	0	0	0	0	0	1	0	0	0	0	1	0	0
ORTHOMCL905	0	0	0	0	1	0	0	0	0	0	0	0	0	1	0	0	0	0	1	0	0
ORTHOMCL906	0	0	0	0	1	0	0	0	0	0	0	0	0	1	0	1	0	0	0	0	0
ORTHOMCL907	0	0	0	0	1	0	0	0	0	0	0	0	0	1	0	1	0	0	0	0	0
ORTHOMCL845	0	0	0	0	0	0	0	0	1	1	0	1	0	0	0	0	1	0	0	0	0
ORTHOMCL844	0	0	0	0	0	0	0	0	0	1	0	1	0	0	1	0	1	0	0	0	0
ORTHOMCL847	0	0	0	0	0	0	0	0	0	1	0	1	0	0	1	0	1	0	0	0	0
ORTHOMCL846	0	0	0	0	0	0	0	0	0	1	0	1	0	0	1	0	1	0	0	0	0
ORTHOMCL841	0	0	0	0	0	0	0	0	1	1	0	1	0	0	0	0	1	0	0	0	0
ORTHOMCL840	0	0	0	0	0	0	0	0	0	1	0	1	0	0	1	0	1	0	0	0	0
ORTHOMCL843	0	0	0	0	0	0	0	0	0	1	0	1	0	0	1	0	1	0	0	0	0
ORTHOMCL842	0	0	0	0	0	0	0	0	0	1	0	1	0	0	1	0	1	0	0	0	0
ORTHOMCL849	0	0	0	0	0	0	0	0	0	1	0	1	0	0	1	0	1	0	0	0	0
ORTHOMCL848	0	0	0	0	0	0	0	0	0	1	0	1	0	0	1	0	1	0	0	0	0
ORTHOMCL599	0	1	0	1	1	0	0	0	0	0	0	0	0	1	0	1	0	1	0	0	1
ORTHOMCL598	0	1	0	1	1	0	0	0	0	0	0	0	0	1	0	1	0	1	0	0	1
ORTHOMCL597	0	0	1	0	0	0	0	0	1	0	0	0	0	1	0	1	0	1	1	0	1
ORTHOMCL596	1	0	0	1	0	0	0	0	0	0	0	0	0	1	0	1	0	1	1	0	1
ORTHOMCL595	1	1	0	0	1	0	0	0	0	0	0	0	0	1	0	0	0	1	1	0	1
ORTHOMCL594	0	2	0	1	0	0	0	0	0	0	0	0	0	0	0	0	0	2	0	0	2
ORTHOMCL593	0	1	1	0	1	0	0	0	0	0	0	0	0	1	0	1	0	1	0	0	1
ORTHOMCL592	0	1	0	1	1	0	0	0	0	0	0	0	0	0	0	1	0	1	1	0	1
ORTHOMCL591	1	1	1	0	0	0	0	0	0	0	0	0	0	1	0	1	0	0	1	0	1
ORTHOMCL590	0	1	0	1	1	0	0	0	0	0	0	0	0	1	0	1	0	0	1	0	1
ORTHOMCL609	1	1	1	0	0	0	0	0	0	0	0	0	1	1	0	0	0	0	1	0	1
ORTHOMCL608	1	0	1	0	0	0	0	0	0	0	0	0	1	1	0	1	0	0	2	0	0
ORTHOMCL607	1	0	1	0	1	0	0	0	0	0	0	0	1	1	0	0	0	0	1	0	1
ORTHOMCL606	1	0	1	0	1	0	0	0	0	0	0	0	1	1	0	1	0	0	1	0	0
ORTHOMCL605	1	2	0	1	0	0	0	0	0	0	0	0	1	0	0	0	0	1	0	0	1
ORTHOMCL604	1	1	0	1	0	0	1	0	0	0	0	0	0	1	0	0	0	0	0	1	1
ORTHOMCL603	0	0	0	0	0	0	1	0	0	0	0	0	0	0	0	0	0	0	0	6	0
ORTHOMCL602	0	1	0	1	1	0	0	0	0	0	0	0	0	1	0	1	0	1	1	0	0
ORTHOMCL601	0	2	0	2	0	0	0	0	0	0	0	0	0	0	0	0	0	1	0	0	2
ORTHOMCL600	0	2	0	2	0	0	0	0	0	0	0	0	0	0	0	0	0	2	0	0	1
ORTHOMCL230	1	1	1	1	0	0	2	0	0	1	0	1	1	1	1	1	1	1	1	1	1
ORTHOMCL231	1	2	1	2	0	0	0	0	0	0	0	1	1	1	1	1	1	2	1	0	2
ORTHOMCL113	2	3	2	3	1	0	0	0	0	0	0	0	2	2	0	3	0	2	3	0	2
ORTHOMCL112	2	4	1	2	2	0	0	0	0	0	0	0	2	1	0	2	0	3	2	0	4
ORTHOMCL111	2	3	1	2	2	0	0	0	1	0	3	1	1	1	0	2	1	1	2	1	2
ORTHOMCL110	2	1	1	2	1	0	0	1	1	1	1	1	2	2	0	2	1	2	2	1	2
ORTHOMCL117	1	1	1	1	3	0	1	1	1	1	0	1	2	1	1	2	1	2	2	1	1
ORTHOMCL116	1	2	1	2	2	0	1	0	0	1	0	1	2	2	1	2	1	1	2	1	2
ORTHOMCL115	1	2	1	2	2	0	1	1	1	1	0	1	1	1	1	2	1	2	1	1	2
ORTHOMCL114	0	1	0	2	2	0	1	1	1	1	0	0	2	2	1	2	1	4	1	1	2
ORTHOMCL119	1	2	2	1	2	0	1	0	1	1	1	1	1	1	1	1	1	2	2	1	2
ORTHOMCL118	1	3	1	1	1	0	1	0	1	1	1	1	1	1	0	2	1	3	2	1	2
ORTHOMCL1331	0	0	0	0	0	0	1	0	0	0	0	0	0	0	0	0	0	0	0	1	0
ORTHOMCL339	1	2	1	2	1	0	0	0	0	0	0	0	0	1	0	0	0	2	1	0	1
ORTHOMCL338	0	0	0	0	9	0	0	0	0	0	0	0	0	0	0	1	0	0	2	0	0
ORTHOMCL333	0	1	0	0	1	0	1	1	0	0	2	1	0	1	1	0	0	1	1	1	1
ORTHOMCL332	1	1	1	1	0	0	1	0	0	0	0	0	1	1	0	1	0	1	1	1	2
ORTHOMCL331	1	1	1	2	1	0	0	0	0	0	0	0	1	1	0	1	0	1	1	0	2
ORTHOMCL330	1	1	1	0	0	0	0	0	0	1	0	1	1	1	1	1	1	1	1	0	1
ORTHOMCL337	0	0	0	12	0	0	0	0	0	0	0	0	0	0	0	0	0	0	0	0	0
ORTHOMCL336	1	1	0	0	1	0	1	0	0	0	1	0	1	1	0	1	1	1	1	1	1
ORTHOMCL335	1	1	0	1	1	0	0	0	0	1	1	0	1	1	0	1	0	2	1	0	1
ORTHOMCL334	1	1	1	1	1	0	1	0	0	0	1	0	1	1	0	1	0	1	1	0	1
ORTHOMCL13	0	1	0	1	24	0	0	0	5	0	0	0	0	3	0	0	0	1	4	0	1
ORTHOMCL12	2	4	3	3	2	2	1	1	1	2	1	1	3	3	0	2	1	3	1	1	4
ORTHOMCL11	2	3	2	3	1	0	2	2	1	1	1	1	2	2	1	3	1	4	3	2	4
ORTHOMCL10	1	5	2	3	1	0	1	0	1	1	1	1	2	3	2	3	1	5	3	1	4
ORTHOMCL17	2	2	2	2	2	0	1	1	1	1	1	0	2	3	5	2	1	4	3	0	4
ORTHOMCL16	1	4	2	4	3	0	1	1	1	1	0	1	2	3	1	3	1	4	2	1	3
ORTHOMCL15	2	4	2	4	2	0	2	1	1	1	5	1	2	2	1	2	1	1	2	0	4
ORTHOMCL14	2	4	2	3	2	0	1	1	1	1	1	1	2	3	1	3	1	3	3	1	4
ORTHOMCL19	2	4	2	3	2	0	1	1	1	1	1	1	2	2	1	3	1	4	1	1	4
ORTHOMCL18	1	4	2	3	3	0	1	0	0	1	0	1	3	3	1	2	1	4	3	1	4
ORTHOMCL1148	0	0	0	0	0	0	0	0	0	0	0	0	0	2	0	0	0	0	0	0	0
ORTHOMCL1149	0	0	0	0	0	0	0	0	0	0	0	0	0	2	0	0	0	0	0	0	0
ORTHOMCL1418	0	0	0	0	0	0	0	0	0	0	2	0	0	0	0	0	0	0	0	0	0
ORTHOMCL1419	0	0	0	0	0	0	0	0	0	0	2	0	0	0	0	0	0	0	0	0	0
ORTHOMCL1140	0	0	0	0	0	0	0	0	2	0	0	0	0	0	0	0	0	0	0	0	0
ORTHOMCL1141	0	0	0	0	0	0	0	0	2	0	0	0	0	0	0	0	0	0	0	0	0
ORTHOMCL1142	0	0	0	0	0	0	0	0	2	0	0	0	0	0	0	0	0	0	0	0	0
ORTHOMCL1143	0	0	0	0	0	0	0	0	2	0	0	0	0	0	0	0	0	0	0	0	0
ORTHOMCL1144	0	0	0	0	0	0	0	0	2	0	0	0	0	0	0	0	0	0	0	0	0
ORTHOMCL1145	0	0	0	0	0	0	0	0	2	0	0	0	0	0	0	0	0	0	0	0	0
ORTHOMCL1146	0	0	0	0	0	0	0	0	2	0	0	0	0	0	0	0	0	0	0	0	0
ORTHOMCL1147	0	0	0	0	0	0	0	0	2	0	0	0	0	0	0	0	0	0	0	0	0
ORTHOMCL1388	0	0	0	0	0	0	0	0	0	0	0	0	0	0	0	0	2	0	0	0	0
ORTHOMCL1389	0	0	0	0	0	0	0	0	0	0	0	1	0	0	0	0	1	0	0	0	0
ORTHOMCL1386	0	0	0	0	0	0	0	0	0	1	0	0	0	0	0	0	1	0	0	0	0
ORTHOMCL1387	0	0	0	0	0	0	0	0	0	0	0	1	0	0	0	0	1	0	0	0	0
ORTHOMCL1384	0	0	0	0	0	0	0	0	0	0	0	0	0	0	1	0	1	0	0	0	0
ORTHOMCL1385	0	0	0	0	0	0	0	0	0	0	0	0	0	0	0	0	2	0	0	0	0
ORTHOMCL1382	0	0	0	0	0	0	0	0	0	0	0	1	0	0	0	0	1	0	0	0	0
ORTHOMCL1383	0	0	0	0	0	0	0	0	0	0	0	1	0	0	0	0	1	0	0	0	0
ORTHOMCL1380	0	0	0	0	0	0	0	0	0	0	0	1	0	0	0	0	1	0	0	0	0
ORTHOMCL1381	0	0	0	0	0	0	0	0	0	0	0	1	0	0	0	0	1	0	0	0	0
ORTHOMCL1098	0	0	0	0	0	0	0	0	0	2	0	0	0	0	0	0	0	0	0	0	0
ORTHOMCL1099	0	0	0	1	0	0	0	0	0	0	0	0	0	0	0	0	0	0	0	0	1
ORTHOMCL1092	0	0	0	0	0	2	0	0	0	0	0	0	0	0	0	0	0	0	0	0	0
ORTHOMCL1093	0	0	0	0	0	2	0	0	0	0	0	0	0	0	0	0	0	0	0	0	0
ORTHOMCL1090	0	0	0	0	0	2	0	0	0	0	0	0	0	0	0	0	0	0	0	0	0
ORTHOMCL1091	0	0	0	0	0	2	0	0	0	0	0	0	0	0	0	0	0	0	0	0	0
ORTHOMCL1096	0	0	0	0	0	2	0	0	0	0	0	0	0	0	0	0	0	0	0	0	0
ORTHOMCL1097	0	0	0	0	0	0	0	0	0	2	0	0	0	0	0	0	0	0	0	0	0
ORTHOMCL1094	0	0	0	0	0	2	0	0	0	0	0	0	0	0	0	0	0	0	0	0	0
ORTHOMCL1095	0	0	0	0	0	2	0	0	0	0	0	0	0	0	0	0	0	0	0	0	0
ORTHOMCL711	0	0	0	0	0	0	0	0	0	0	0	0	0	0	0	0	5	0	0	0	0
ORTHOMCL710	0	0	0	0	0	0	0	0	0	1	0	2	0	0	1	0	1	0	0	0	0
ORTHOMCL861	0	0	0	0	1	0	0	0	0	0	0	0	1	0	0	1	0	0	1	0	0
ORTHOMCL430	0	1	2	0	1	0	0	0	1	0	0	0	1	1	0	2	0	0	1	0	0
ORTHOMCL712	0	0	0	0	0	0	0	0	0	0	0	0	0	0	0	0	5	0	0	0	0
ORTHOMCL431	1	1	1	1	1	0	0	0	0	0	0	0	1	1	0	0	0	1	1	0	1
ORTHOMCL715	0	0	0	0	0	0	1	0	0	1	0	1	0	0	1	0	1	0	0	0	0
ORTHOMCL432	0	2	1	2	1	0	0	0	0	0	0	0	1	1	0	0	0	1	0	0	1
ORTHOMCL866	0	0	0	0	1	0	0	0	0	0	0	0	1	1	0	0	0	0	1	0	0
ORTHOMCL433	0	1	1	1	1	0	0	0	0	0	0	0	1	1	0	1	0	1	1	0	1
ORTHOMCL717	0	1	0	1	0	0	0	0	0	1	0	0	0	0	0	0	1	0	0	0	1
ORTHOMCL434	1	1	1	0	1	0	0	0	0	0	0	0	1	1	0	1	0	1	1	0	1
ORTHOMCL864	0	0	0	0	1	0	0	0	0	0	0	0	1	1	0	0	0	0	1	0	0
ORTHOMCL435	1	1	1	1	1	0	0	0	0	0	0	0	1	1	0	1	0	0	1	0	1
ORTHOMCL436	0	1	1	1	1	0	0	0	0	0	0	0	1	1	0	1	0	1	1	0	1
ORTHOMCL437	1	0	2	1	0	0	0	0	0	0	0	0	1	1	0	1	0	1	1	0	1
ORTHOMCL868	0	1	0	1	0	0	0	0	0	0	0	0	1	0	0	0	0	1	0	0	0
ORTHOMCL939	0	0	0	0	1	0	0	0	0	0	0	0	0	1	0	0	0	0	1	0	0
ORTHOMCL938	0	0	0	0	1	0	0	0	0	0	0	0	0	2	0	0	0	0	0	0	0
ORTHOMCL935	0	0	0	0	3	0	0	0	0	0	0	0	0	0	0	0	0	0	0	0	0
ORTHOMCL934	0	0	0	0	1	0	0	0	0	0	0	0	0	0	0	1	0	0	1	0	0
ORTHOMCL937	0	0	0	0	1	0	0	0	0	0	0	0	0	1	0	0	0	0	1	0	0
ORTHOMCL936	0	0	0	0	1	0	0	0	0	0	0	0	0	1	0	0	0	0	1	0	0
ORTHOMCL931	0	0	0	0	1	0	0	0	0	0	0	0	0	0	0	2	0	0	0	0	0
ORTHOMCL930	0	0	0	0	1	0	0	0	0	0	0	0	0	1	0	0	0	0	1	0	0
ORTHOMCL933	0	0	0	0	1	0	0	0	0	0	0	0	0	2	0	0	0	0	0	0	0
ORTHOMCL932	0	0	0	0	3	0	0	0	0	0	0	0	0	0	0	0	0	0	0	0	0
ORTHOMCL1416	0	0	0	0	0	0	0	0	0	0	2	0	0	0	0	0	0	0	0	0	0
ORTHOMCL1417	0	0	0	0	0	0	0	1	0	0	1	0	0	0	0	0	0	0	0	0	0
ORTHOMCL1414	0	0	0	0	0	0	0	0	1	0	1	0	0	0	0	0	0	0	0	0	0
ORTHOMCL1415	0	0	0	0	0	0	0	0	0	0	2	0	0	0	0	0	0	0	0	0	0
ORTHOMCL1412	0	0	0	0	1	0	0	0	0	0	0	0	1	0	0	0	0	0	0	0	0
ORTHOMCL753	0	0	1	0	1	0	0	0	0	0	0	0	0	0	0	1	0	0	1	0	0
ORTHOMCL858	0	0	0	1	1	0	0	0	0	0	0	0	1	0	0	0	0	0	1	0	0
ORTHOMCL859	1	0	0	0	0	0	0	0	0	0	0	0	1	0	0	0	0	1	1	0	0
ORTHOMCL1410	1	0	0	0	0	0	0	0	0	0	0	0	1	0	0	0	0	0	0	0	0
ORTHOMCL852	0	0	0	0	0	0	0	0	1	1	0	1	0	0	0	0	1	0	0	0	0
ORTHOMCL853	0	0	0	0	0	0	0	0	0	1	0	1	0	0	1	0	1	0	0	0	0
ORTHOMCL850	0	0	0	0	0	0	0	0	0	1	0	1	0	0	1	0	1	0	0	0	0
ORTHOMCL851	0	0	0	0	0	0	0	0	0	1	0	1	0	0	1	0	1	0	0	0	0
ORTHOMCL856	0	0	0	0	0	0	0	0	0	1	0	1	0	0	1	0	1	0	0	0	0
ORTHOMCL857	0	0	1	0	0	0	0	0	0	0	0	0	1	1	0	0	0	0	1	0	0
ORTHOMCL854	0	0	0	0	0	0	0	0	0	1	0	1	0	0	1	0	1	0	0	0	0
ORTHOMCL855	0	0	0	0	0	0	0	0	0	1	0	1	0	0	1	0	1	0	0	0	0
ORTHOMCL588	0	1	1	0	2	0	0	0	0	0	0	0	0	1	0	1	0	0	1	0	0
ORTHOMCL589	0	1	1	1	0	0	0	0	0	0	0	0	0	1	0	1	0	0	1	0	1
ORTHOMCL584	0	0	0	0	6	0	0	0	0	0	0	0	0	0	0	0	0	0	1	0	0
ORTHOMCL585	0	0	0	0	7	0	0	0	0	0	0	0	0	0	0	0	0	0	0	0	0
ORTHOMCL586	0	0	0	0	1	0	0	0	0	0	0	0	0	5	0	0	0	0	1	0	0
ORTHOMCL587	0	0	0	0	7	0	0	0	0	0	0	0	0	0	0	0	0	0	0	0	0
ORTHOMCL580	0	0	0	0	0	0	0	0	7	0	0	0	0	0	0	0	0	0	0	0	0
ORTHOMCL581	0	0	0	0	0	0	0	0	0	0	0	0	0	7	0	0	0	0	0	0	0
ORTHOMCL582	0	0	0	5	0	0	0	2	0	0	0	0	0	0	0	0	0	0	0	0	0
ORTHOMCL583	0	0	0	0	0	0	0	7	0	0	0	0	0	0	0	0	0	0	0	0	0
ORTHOMCL618	1	0	1	0	1	0	0	0	0	0	0	0	1	1	0	1	0	0	1	0	0
ORTHOMCL619	0	1	0	1	1	0	0	0	0	0	0	0	1	1	0	0	0	1	0	0	1
ORTHOMCL614	1	0	1	0	0	0	0	0	0	0	0	0	1	1	0	1	0	1	1	0	0
ORTHOMCL615	1	0	1	0	1	0	0	0	0	0	0	0	1	1	0	1	0	0	1	0	0
ORTHOMCL616	1	1	0	1	1	0	0	0	0	0	0	0	1	0	0	1	0	0	0	0	1
ORTHOMCL617	0	1	0	1	0	0	0	0	0	0	0	0	1	1	0	0	0	1	1	0	1
ORTHOMCL610	0	1	1	1	1	0	0	0	0	0	0	0	1	0	0	1	0	0	0	0	1
ORTHOMCL611	0	1	0	1	1	0	0	0	0	0	0	0	1	1	0	0	0	1	1	0	0
ORTHOMCL612	0	1	1	0	0	0	0	0	0	0	0	0	1	0	0	1	0	1	1	0	1
ORTHOMCL613	1	0	0	0	1	0	0	0	0	0	0	0	1	1	0	0	0	1	1	0	1
ORTHOMCL100	1	2	2	2	2	0	1	0	1	1	0	1	1	2	1	2	1	2	2	1	1
ORTHOMCL101	1	3	2	3	1	0	0	0	1	0	0	1	1	1	1	2	1	3	1	1	3
ORTHOMCL102	1	2	1	2	2	0	1	2	1	1	0	1	2	1	0	2	1	2	1	1	2
ORTHOMCL103	1	2	1	2	2	0	1	1	1	1	0	1	1	2	0	2	1	3	1	1	2
ORTHOMCL104	1	2	2	1	2	0	0	0	0	1	0	1	2	2	1	2	1	3	2	1	2
ORTHOMCL105	1	3	1	3	1	0	1	1	1	0	1	1	2	1	0	1	1	2	2	0	3
ORTHOMCL106	2	2	1	2	2	0	1	1	1	1	1	0	2	1	1	2	1	1	2	0	2
ORTHOMCL107	0	2	1	2	1	0	1	1	1	1	2	1	1	2	1	2	1	2	2	1	1
ORTHOMCL108	1	2	3	1	1	0	0	1	1	1	1	1	2	1	1	2	1	1	2	1	2
ORTHOMCL109	0	2	1	2	2	0	2	0	1	1	1	1	1	2	1	2	1	2	1	1	2
ORTHOMCL328	1	1	1	1	0	0	0	0	0	1	0	1	1	0	1	1	1	1	1	0	1
ORTHOMCL329	1	2	0	2	1	0	0	0	0	0	0	0	1	1	0	1	0	1	1	0	2
ORTHOMCL320	1	2	1	1	1	0	0	0	0	0	0	0	1	1	0	1	0	1	1	0	2
ORTHOMCL321	1	1	1	2	1	0	0	0	0	1	0	0	1	1	1	1	1	1	0	0	0
ORTHOMCL322	1	1	1	1	1	0	0	0	0	0	0	0	1	1	0	1	0	2	1	0	2
ORTHOMCL323	1	1	1	1	1	0	0	0	1	0	0	0	1	1	0	1	0	2	1	0	1
ORTHOMCL324	2	1	2	1	1	0	0	0	1	0	0	0	1	1	0	1	0	0	1	0	1
ORTHOMCL325	1	2	0	2	0	0	0	0	0	0	0	0	1	0	0	1	1	2	1	0	2
ORTHOMCL326	1	1	1	2	1	0	0	0	0	0	0	0	1	1	0	1	0	1	1	0	2
ORTHOMCL327	0	1	1	1	1	0	1	0	0	0	0	0	2	1	0	1	0	1	2	0	1
ORTHOMCL66	1	2	1	2	2	0	0	1	1	1	0	1	1	2	2	1	3	3	2	0	2
ORTHOMCL67	1	3	1	3	1	0	0	0	1	1	0	1	2	2	2	1	1	3	2	0	3
ORTHOMCL64	2	2	2	2	1	1	0	1	1	1	2	1	2	2	1	1	1	2	2	1	1
ORTHOMCL65	1	2	2	2	2	0	1	0	1	1	0	1	2	2	1	2	1	2	2	1	2
ORTHOMCL62	2	2	2	2	1	0	0	0	1	1	0	1	3	2	1	2	1	3	2	0	3
ORTHOMCL63	0	4	1	3	2	0	1	1	1	1	1	1	0	2	1	2	1	4	2	0	1
ORTHOMCL60	2	3	1	3	2	0	1	0	1	1	0	1	1	1	0	1	1	4	2	1	3
ORTHOMCL61	2	3	1	2	2	0	1	1	2	1	0	0	2	1	1	2	0	3	1	1	3
ORTHOMCL68	2	3	1	3	2	0	0	0	1	1	0	1	1	2	1	2	0	2	2	1	3
ORTHOMCL69	2	3	2	2	2	0	0	2	0	1	0	1	2	1	0	3	1	2	2	0	2
ORTHOMCL1409	0	0	1	0	0	0	0	0	0	0	0	0	1	0	0	0	0	0	0	0	0
ORTHOMCL1408	0	0	0	0	1	0	0	0	0	0	0	0	1	0	0	0	0	0	0	0	0
ORTHOMCL1159	0	0	1	0	0	0	0	0	0	0	0	0	0	0	0	1	0	0	0	0	0
ORTHOMCL1158	0	0	0	0	0	0	0	0	0	0	0	0	0	0	0	2	0	0	0	0	0
ORTHOMCL1153	0	0	0	0	0	0	0	0	0	0	0	0	0	2	0	0	0	0	0	0	0
ORTHOMCL1152	0	0	0	0	0	0	0	0	0	0	0	0	0	2	0	0	0	0	0	0	0
ORTHOMCL1151	0	0	0	0	0	0	0	0	0	0	0	0	0	2	0	0	0	0	0	0	0
ORTHOMCL1150	0	0	0	0	0	0	0	0	0	0	0	0	0	2	0	0	0	0	0	0	0
ORTHOMCL1157	0	0	0	0	0	0	0	0	0	0	0	0	0	1	0	1	0	0	0	0	0
ORTHOMCL1156	0	0	0	0	0	0	0	0	1	0	0	0	0	0	0	1	0	0	0	0	0
ORTHOMCL1155	0	0	0	0	0	0	0	0	0	0	0	0	0	2	0	0	0	0	0	0	0
ORTHOMCL1154	0	0	0	0	0	0	0	0	0	0	0	0	0	2	0	0	0	0	0	0	0
ORTHOMCL1399	0	0	0	0	0	0	0	0	0	1	0	0	0	0	0	0	1	0	0	0	0
ORTHOMCL1398	0	0	0	0	0	0	0	0	0	0	0	0	0	0	1	0	1	0	0	0	0
ORTHOMCL1391	0	0	0	0	0	0	0	0	0	0	0	0	0	0	0	0	2	0	0	0	0
ORTHOMCL1390	0	0	0	0	0	0	0	0	0	0	0	0	0	0	0	0	2	0	0	0	0
ORTHOMCL1393	0	0	0	0	0	0	0	0	0	0	0	1	0	0	0	0	1	0	0	0	0
ORTHOMCL1392	0	0	0	0	0	0	0	0	0	0	0	1	0	0	0	0	1	0	0	0	0
ORTHOMCL1395	0	0	0	0	0	0	0	0	0	0	0	1	0	0	0	0	1	0	0	0	0
ORTHOMCL1394	0	0	0	0	0	0	0	0	0	0	0	1	0	0	0	0	1	0	0	0	0
ORTHOMCL1397	0	0	0	0	0	0	0	0	0	0	0	1	0	0	0	0	1	0	0	0	0
ORTHOMCL1396	0	0	0	0	0	0	0	0	0	0	0	1	0	0	0	0	1	0	0	0	0
ORTHOMCL9	3	3	1	3	3	0	1	1	1	2	1	2	2	3	2	3	1	3	3	1	3
ORTHOMCL8	3	5	3	5	2	0	1	0	1	1	0	1	3	1	1	2	2	3	2	1	5
ORTHOMCL3	6	5	5	5	2	0	2	1	3	2	1	1	5	5	2	4	1	7	3	2	3
ORTHOMCL2	0	0	0	0	3	0	0	0	0	0	0	0	0	0	0	65	0	0	0	0	0
ORTHOMCL1	0	1	0	1	0	0	0	16	1	0	51	0	0	0	0	0	1	1	0	5	0
ORTHOMCL0	5	10	4	8	76	0	2	0	7	1	0	0	226	57	0	239	0	0	5	13	1
ORTHOMCL7	3	5	2	5	1	0	1	2	2	0	2	0	3	3	0	3	0	5	3	1	4
ORTHOMCL6	1	4	2	4	9	0	2	0	1	1	1	1	2	4	1	1	1	3	2	2	4
ORTHOMCL5	2	4	2	3	9	0	1	2	1	1	0	1	2	2	1	3	1	3	3	1	4
ORTHOMCL4	0	0	0	0	0	0	0	0	0	0	0	0	0	0	0	0	0	54	0	0	0
ORTHOMCL1085	0	0	0	0	0	2	0	0	0	0	0	0	0	0	0	0	0	0	0	0	0
ORTHOMCL1084	0	0	0	0	0	2	0	0	0	0	0	0	0	0	0	0	0	0	0	0	0
ORTHOMCL1087	0	0	0	0	0	2	0	0	0	0	0	0	0	0	0	0	0	0	0	0	0
ORTHOMCL1086	0	0	0	0	0	2	0	0	0	0	0	0	0	0	0	0	0	0	0	0	0
ORTHOMCL1081	0	0	0	0	0	0	0	0	0	0	0	0	0	0	0	0	0	0	0	0	2
ORTHOMCL1080	0	0	0	0	0	0	0	0	0	0	0	0	0	0	0	0	0	0	0	0	2
ORTHOMCL1083	0	0	0	0	0	2	0	0	0	0	0	0	0	0	0	0	0	0	0	0	0
ORTHOMCL1082	0	0	0	0	0	0	0	0	0	0	0	0	0	0	0	0	0	0	0	0	2
ORTHOMCL1089	0	0	0	0	0	2	0	0	0	0	0	0	0	0	0	0	0	0	0	0	0
ORTHOMCL1088	0	0	0	0	0	2	0	0	0	0	0	0	0	0	0	0	0	0	0	0	0
ORTHOMCL922	0	0	0	0	1	0	0	0	0	0	0	0	0	1	0	0	0	0	1	0	0
ORTHOMCL923	0	0	0	0	2	0	0	0	0	0	0	0	0	0	0	0	0	0	1	0	0
ORTHOMCL920	0	0	0	0	1	0	0	0	0	0	0	0	0	1	0	0	0	0	1	0	0
ORTHOMCL921	0	0	0	0	1	0	0	0	0	0	0	0	0	0	0	1	0	0	1	0	0
ORTHOMCL926	0	0	0	0	2	0	0	0	0	0	0	0	0	0	0	0	0	0	1	0	0
ORTHOMCL927	0	0	0	0	3	0	0	0	0	0	0	0	0	0	0	0	0	0	0	0	0
ORTHOMCL924	0	0	0	0	1	0	0	0	0	0	0	0	0	1	0	0	0	0	1	0	0
ORTHOMCL925	0	0	0	0	1	0	0	0	0	0	0	0	0	1	0	0	0	0	1	0	0
ORTHOMCL928	0	0	0	0	1	0	0	0	0	0	0	0	0	1	0	0	0	0	1	0	0
ORTHOMCL929	0	0	0	0	1	0	0	0	0	0	0	0	0	1	0	1	0	0	0	0	0
ORTHOMCL829	0	0	0	0	0	0	0	0	0	1	0	1	0	0	1	0	1	0	0	0	0
ORTHOMCL828	0	0	0	0	0	0	0	0	0	1	0	1	0	0	0	1	1	0	0	0	0
ORTHOMCL827	0	0	0	0	0	0	0	0	0	1	0	1	0	0	1	0	1	0	0	0	0
ORTHOMCL826	0	0	0	0	0	0	0	0	0	1	0	1	0	0	1	0	1	0	0	0	0
ORTHOMCL825	0	0	0	0	0	0	0	0	0	1	0	1	0	0	1	0	1	0	0	0	0
ORTHOMCL824	0	0	0	0	0	0	0	0	0	1	0	1	0	0	0	0	1	1	0	0	0
ORTHOMCL823	0	0	0	0	0	0	0	0	0	2	0	1	0	0	1	0	0	0	0	0	0
ORTHOMCL822	0	0	0	0	0	0	3	0	0	0	0	0	0	0	0	0	0	0	0	1	0
ORTHOMCL821	0	1	0	1	0	0	0	0	0	0	0	0	0	0	0	0	0	0	0	1	1
ORTHOMCL820	0	1	0	1	0	0	0	0	0	0	0	0	0	0	0	0	0	1	0	0	1
ORTHOMCL621	0	1	0	1	1	0	0	0	1	0	0	0	1	1	0	0	0	0	1	0	0
ORTHOMCL620	1	0	1	0	1	0	0	0	0	0	0	0	1	1	0	0	0	0	1	0	1
ORTHOMCL623	0	1	1	1	1	0	0	0	0	0	0	0	1	1	0	0	0	0	0	0	1
ORTHOMCL622	1	0	0	0	1	0	0	0	0	0	0	0	1	1	0	1	0	0	1	0	1
ORTHOMCL625	0	0	0	0	0	0	0	0	0	0	0	0	7	0	0	0	0	0	0	0	0
ORTHOMCL624	0	1	0	1	1	0	0	0	0	0	0	0	1	1	0	0	0	0	1	0	1
ORTHOMCL627	1	1	0	1	0	0	0	0	0	0	1	0	0	0	0	1	0	1	0	0	1
ORTHOMCL626	0	0	0	0	0	0	0	0	0	0	1	0	0	0	0	0	0	6	0	0	0
ORTHOMCL629	0	0	0	0	0	0	0	0	0	0	7	0	0	0	0	0	0	0	0	0	0
ORTHOMCL628	0	1	0	1	0	0	0	0	1	0	2	0	0	0	0	0	0	1	0	0	1
ORTHOMCL485	0	1	1	1	1	0	0	0	0	0	0	0	0	1	0	1	0	1	1	0	1
ORTHOMCL484	0	1	1	1	1	0	0	0	0	0	0	0	0	1	0	1	0	1	1	0	1
ORTHOMCL487	0	0	1	0	2	0	0	0	1	0	0	0	0	2	0	1	0	1	1	0	0
ORTHOMCL486	0	0	1	1	1	0	0	0	0	0	0	0	0	1	0	1	0	1	1	0	2
ORTHOMCL481	0	1	1	1	1	0	0	0	0	0	0	0	0	1	0	1	0	1	1	0	1
ORTHOMCL480	1	1	1	1	1	0	0	0	0	0	0	0	0	0	0	1	0	1	1	0	1
ORTHOMCL483	1	1	0	1	1	0	0	0	0	0	0	0	0	1	0	1	0	1	1	0	1
ORTHOMCL482	1	1	1	0	1	0	0	0	0	0	0	0	0	1	0	1	0	1	1	0	1
ORTHOMCL489	1	0	1	1	1	0	0	0	0	1	0	0	0	1	0	1	0	1	1	0	0
ORTHOMCL488	0	1	1	1	1	0	0	0	0	0	0	0	0	1	0	1	0	1	1	0	1
ORTHOMCL135	0	0	0	0	0	0	0	0	0	0	0	0	0	23	0	0	0	0	0	0	0
ORTHOMCL134	1	2	1	2	0	0	1	0	1	1	1	1	2	2	1	2	1	2	1	0	2
ORTHOMCL137	2	2	1	2	2	0	1	0	0	0	0	0	1	2	0	2	0	3	2	1	2
ORTHOMCL136	1	3	0	3	1	0	0	0	1	1	0	1	1	2	0	2	1	2	1	0	3
ORTHOMCL131	2	2	2	1	2	0	1	0	1	0	1	0	2	2	0	1	0	2	2	1	2
ORTHOMCL130	1	1	1	2	2	0	1	0	0	1	0	1	2	2	1	2	0	2	2	1	2
ORTHOMCL133	1	3	2	3	2	0	0	1	1	0	1	0	1	1	0	2	0	3	1	0	2
ORTHOMCL132	1	1	1	2	1	0	0	1	1	1	1	1	0	2	1	2	1	3	2	0	2
ORTHOMCL139	1	1	2	2	2	0	0	0	1	1	0	2	2	1	1	2	1	1	1	0	2
ORTHOMCL138	1	2	1	2	2	0	0	0	3	1	0	1	1	2	1	1	1	2	1	0	1
ORTHOMCL319	1	2	1	2	0	0	0	0	0	0	0	0	1	1	0	1	0	1	1	0	2
ORTHOMCL318	1	1	1	2	1	0	0	0	0	0	0	0	1	1	0	1	0	1	1	0	2
ORTHOMCL315	1	2	1	2	1	0	0	0	0	0	0	0	2	1	0	0	0	0	1	0	2
ORTHOMCL314	1	1	1	1	1	0	1	0	0	0	0	0	1	1	0	1	0	1	1	1	1
ORTHOMCL317	0	1	0	1	1	0	0	0	1	1	0	1	1	0	2	0	1	1	1	0	1
ORTHOMCL316	1	2	0	1	1	0	0	0	1	0	0	0	1	1	0	1	0	1	1	0	2
ORTHOMCL311	1	1	1	1	1	0	1	0	1	0	1	0	0	1	0	1	0	1	1	1	1
ORTHOMCL310	1	1	1	2	1	0	0	0	0	0	1	0	1	1	0	1	0	1	1	0	2
ORTHOMCL313	1	1	1	1	0	0	1	0	0	0	0	0	1	1	0	1	0	2	1	1	1
ORTHOMCL312	0	0	0	0	0	0	0	0	0	0	0	0	0	13	0	0	0	0	0	0	0
ORTHOMCL75	2	1	2	1	2	0	1	1	1	1	1	1	1	2	1	2	1	3	2	1	1
ORTHOMCL74	2	2	2	2	2	0	0	0	0	2	0	1	2	1	2	2	2	2	2	0	2
ORTHOMCL77	2	2	2	2	2	0	1	0	1	1	1	0	1	2	1	2	1	2	2	1	2
ORTHOMCL76	2	2	0	2	2	0	0	1	1	0	1	1	2	2	1	2	1	2	2	1	3
ORTHOMCL71	1	3	1	3	2	0	1	0	0	0	0	0	3	2	0	2	0	4	3	1	2
ORTHOMCL70	2	4	2	3	2	0	1	0	0	1	0	0	1	2	0	2	0	4	1	1	2
ORTHOMCL73	2	2	1	2	2	0	1	0	1	1	0	1	2	2	1	2	1	2	2	1	2
ORTHOMCL72	1	2	2	2	1	0	1	0	1	2	0	2	1	1	2	2	2	1	2	1	2
ORTHOMCL79	2	2	1	1	1	0	2	1	1	1	0	1	1	1	1	1	1	4	1	2	2
ORTHOMCL78	1	2	2	2	2	0	1	0	0	1	1	1	1	2	1	2	1	3	2	1	2
ORTHOMCL559	0	1	0	1	0	0	0	0	0	0	0	0	1	1	0	1	0	1	1	0	1
ORTHOMCL558	0	1	0	0	0	0	0	0	0	0	0	0	1	1	0	1	0	1	1	1	1
ORTHOMCL553	1	1	0	1	1	0	0	0	0	0	0	0	1	0	0	1	0	1	0	0	1
ORTHOMCL552	0	1	0	1	1	0	0	0	0	0	0	0	1	1	0	0	0	1	1	0	1
ORTHOMCL551	0	1	1	1	1	0	0	0	0	0	0	0	1	1	0	0	0	1	1	0	0
ORTHOMCL550	0	1	0	1	1	0	0	0	0	0	0	0	0	1	0	0	1	1	1	0	1
ORTHOMCL557	0	1	0	1	1	0	0	0	0	0	0	0	1	1	0	0	0	1	1	0	1
ORTHOMCL556	1	0	0	0	1	0	1	0	0	0	0	0	1	1	0	1	0	0	1	1	0
ORTHOMCL555	1	1	0	1	1	0	0	0	0	0	0	0	1	0	0	1	0	1	0	0	1
ORTHOMCL554	0	1	0	1	1	0	0	0	0	0	0	0	1	1	0	1	0	1	0	0	1
ORTHOMCL1166	0	0	0	0	0	0	0	0	0	0	0	0	0	1	0	0	0	0	1	0	0
ORTHOMCL1167	0	0	0	0	0	0	0	0	0	0	0	0	0	1	0	0	0	0	1	0	0
ORTHOMCL1164	0	0	0	0	0	0	0	0	0	0	0	0	0	0	0	2	0	0	0	0	0
ORTHOMCL1165	0	0	0	0	0	0	0	0	0	0	0	0	0	1	0	1	0	0	0	0	0
ORTHOMCL1162	0	0	0	0	0	0	0	0	0	0	0	0	0	0	0	2	0	0	0	0	0
ORTHOMCL1163	0	0	0	1	0	0	0	0	0	0	0	0	0	0	0	1	0	0	0	0	0
ORTHOMCL1160	0	0	0	0	0	0	0	0	0	0	0	0	0	0	0	2	0	0	0	0	0
ORTHOMCL1161	0	0	0	0	0	0	0	0	0	0	0	0	0	1	0	1	0	0	0	0	0
ORTHOMCL1168	0	0	0	0	0	0	0	0	0	0	0	0	0	1	0	0	0	0	1	0	0
ORTHOMCL1169	0	0	0	0	0	0	0	0	0	0	0	0	0	1	0	0	0	0	1	0	0
ORTHOMCL1364	0	0	0	0	0	0	0	0	0	1	0	0	0	0	1	0	0	0	0	0	0
ORTHOMCL1365	0	0	0	0	0	0	0	0	0	1	0	0	0	0	1	0	0	0	0	0	0
ORTHOMCL1366	0	0	0	0	0	0	0	0	0	1	0	0	0	0	1	0	0	0	0	0	0
ORTHOMCL1367	0	0	0	0	0	0	0	0	0	1	0	0	0	0	1	0	0	0	0	0	0
ORTHOMCL1360	0	0	0	0	0	0	0	0	0	1	0	0	0	0	1	0	0	0	0	0	0
ORTHOMCL1361	0	0	0	0	0	0	0	0	0	1	0	0	0	0	1	0	0	0	0	0	0
ORTHOMCL1362	0	0	0	0	0	0	0	0	0	0	0	1	0	0	1	0	0	0	0	0	0
ORTHOMCL1363	0	0	0	0	0	0	0	0	0	1	0	0	0	0	1	0	0	0	0	0	0
ORTHOMCL1368	0	0	0	0	0	0	0	0	0	0	0	1	0	0	1	0	0	0	0	0	0
ORTHOMCL1369	0	0	0	0	0	0	0	0	0	1	0	0	0	0	1	0	0	0	0	0	0
ORTHOMCL1355	0	0	0	0	0	0	1	0	0	0	0	0	0	0	0	0	0	0	0	1	0
ORTHOMCL1354	0	0	0	0	0	0	1	0	0	0	0	0	0	0	0	0	0	0	0	1	0
ORTHOMCL1357	0	0	0	0	0	0	0	0	0	1	0	0	0	0	1	0	0	0	0	0	0
ORTHOMCL1356	0	0	0	0	0	0	0	0	0	1	0	0	0	0	1	0	0	0	0	0	0
ORTHOMCL1351	0	0	0	0	0	0	1	0	0	0	0	0	0	0	0	0	0	0	0	1	0
ORTHOMCL1350	0	0	0	0	0	0	1	0	0	0	0	0	0	0	0	0	0	0	0	1	0
ORTHOMCL1353	0	0	0	0	0	0	2	0	0	0	0	0	0	0	0	0	0	0	0	0	0
ORTHOMCL1352	0	0	0	0	0	0	1	0	0	0	0	0	0	0	0	0	0	0	0	1	0
ORTHOMCL1218	0	0	0	0	2	0	0	0	0	0	0	0	0	0	0	0	0	0	0	0	0
ORTHOMCL1219	0	0	0	0	1	0	0	0	0	0	0	0	0	1	0	0	0	0	0	0	0
ORTHOMCL1214	0	0	0	0	1	0	0	0	0	0	0	0	0	0	0	1	0	0	0	0	0
ORTHOMCL1215	0	0	0	0	2	0	0	0	0	0	0	0	0	0	0	0	0	0	0	0	0
ORTHOMCL1216	0	0	0	0	1	0	0	0	0	0	0	0	0	0	0	0	0	0	1	0	0
ORTHOMCL1217	0	0	0	0	1	0	0	0	0	0	0	0	0	0	0	0	0	0	1	0	0
ORTHOMCL1210	0	0	0	0	1	0	0	0	0	0	0	0	0	1	0	0	0	0	0	0	0
ORTHOMCL1211	0	0	0	0	1	0	0	0	0	0	0	0	0	0	0	0	0	0	1	0	0
ORTHOMCL1212	0	0	0	0	1	0	0	0	0	0	0	0	0	1	0	0	0	0	0	0	0
ORTHOMCL1213	0	0	0	0	1	0	0	0	0	0	0	0	0	1	0	0	0	0	0	0	0
ORTHOMCL1188	0	0	0	0	0	0	0	2	0	0	0	0	0	0	0	0	0	0	0	0	0
ORTHOMCL1189	0	0	0	0	0	0	0	1	1	0	0	0	0	0	0	0	0	0	0	0	0
ORTHOMCL1184	0	0	0	0	0	0	0	2	0	0	0	0	0	0	0	0	0	0	0	0	0
ORTHOMCL1185	0	0	0	0	0	0	0	1	1	0	0	0	0	0	0	0	0	0	0	0	0
ORTHOMCL1186	0	0	0	0	0	0	0	1	1	0	0	0	0	0	0	0	0	0	0	0	0
ORTHOMCL1187	0	0	0	0	0	0	0	2	0	0	0	0	0	0	0	0	0	0	0	0	0
ORTHOMCL1180	0	0	0	0	0	0	0	2	0	0	0	0	0	0	0	0	0	0	0	0	0
ORTHOMCL1181	0	0	0	0	0	0	0	1	1	0	0	0	0	0	0	0	0	0	0	0	0
ORTHOMCL1182	0	0	0	0	0	0	0	1	1	0	0	0	0	0	0	0	0	0	0	0	0
ORTHOMCL1183	0	0	0	0	0	0	0	2	0	0	0	0	0	0	0	0	0	0	0	0	0
ORTHOMCL957	0	0	1	0	1	0	0	0	0	0	0	0	0	0	0	0	0	0	1	0	0
ORTHOMCL956	0	0	0	0	2	0	0	0	0	0	0	0	0	0	0	0	0	0	1	0	0
ORTHOMCL955	0	0	0	0	1	0	0	0	0	0	0	0	0	1	0	0	0	0	1	0	0
ORTHOMCL954	0	0	0	0	1	0	0	0	0	0	0	0	0	1	0	1	0	0	0	0	0
ORTHOMCL953	0	0	0	0	1	0	0	0	0	0	0	0	0	1	0	0	0	0	1	0	0
ORTHOMCL952	0	0	0	0	1	0	0	0	0	0	0	0	0	1	0	0	0	0	1	0	0
ORTHOMCL951	0	0	0	0	3	0	0	0	0	0	0	0	0	0	0	0	0	0	0	0	0
ORTHOMCL950	0	0	0	0	1	0	0	0	0	0	0	0	0	1	0	1	0	0	0	0	0
ORTHOMCL959	0	1	0	1	0	0	0	0	0	0	0	0	0	0	0	0	0	0	0	0	1
ORTHOMCL958	0	1	0	1	0	0	0	0	0	0	0	0	0	0	0	0	0	0	0	0	1
ORTHOMCL838	0	0	0	0	0	0	0	0	0	1	0	1	0	0	1	0	1	0	0	0	0
ORTHOMCL839	0	0	0	0	0	0	0	0	0	1	0	1	0	0	1	0	1	0	0	0	0
ORTHOMCL834	0	0	0	0	0	0	0	0	0	1	0	1	0	0	1	0	1	0	0	0	0
ORTHOMCL835	0	0	0	0	0	0	0	0	0	1	0	1	0	0	1	0	1	0	0	0	0
ORTHOMCL836	0	0	0	0	0	0	0	0	0	1	0	1	0	0	1	0	1	0	0	0	0
ORTHOMCL837	0	0	0	0	0	0	0	0	0	0	0	0	0	0	0	0	4	0	0	0	0
ORTHOMCL830	0	0	0	0	0	0	0	0	0	0	0	1	0	0	1	0	2	0	0	0	0
ORTHOMCL831	0	0	0	0	0	0	0	0	0	1	0	1	0	0	1	0	1	0	0	0	0
ORTHOMCL832	0	0	0	0	0	0	0	0	0	1	0	1	0	0	1	0	1	0	0	0	0
ORTHOMCL833	0	0	0	0	0	0	0	0	0	1	0	0	0	0	1	0	2	0	0	0	0
ORTHOMCL737	0	0	0	1	0	0	0	0	0	0	1	0	0	0	0	0	0	0	0	0	3
ORTHOMCL1413	0	0	0	0	0	0	0	0	0	0	0	0	1	1	0	0	0	0	0	0	0
ORTHOMCL736	0	0	2	0	1	0	0	0	1	0	1	0	0	0	0	0	0	0	0	0	0
ORTHOMCL735	0	0	0	0	0	0	0	0	1	1	1	1	0	0	0	0	1	0	0	0	0
ORTHOMCL734	0	0	0	0	1	0	0	0	0	0	0	0	1	1	0	1	0	0	1	0	0
ORTHOMCL733	1	0	0	0	1	0	0	0	0	0	0	0	1	0	0	1	0	1	0	0	0
ORTHOMCL732	0	0	1	0	1	0	0	0	0	0	0	0	1	1	0	1	0	0	0	0	0
ORTHOMCL731	0	0	1	0	1	0	0	0	0	0	0	0	1	0	0	1	0	0	1	0	0
ORTHOMCL886	0	0	0	0	0	0	0	0	0	0	0	0	0	3	0	0	0	0	0	0	0
ORTHOMCL636	1	0	1	0	1	0	0	0	0	0	0	0	0	1	0	1	0	0	1	0	0
ORTHOMCL637	0	0	0	0	0	0	0	0	0	0	0	6	0	0	0	0	0	0	0	0	0
ORTHOMCL634	1	0	1	0	1	0	0	0	0	0	0	0	0	1	0	1	0	0	1	0	0
ORTHOMCL635	1	0	1	0	1	0	0	0	0	0	0	0	0	1	0	1	0	0	1	0	0
ORTHOMCL632	0	0	0	0	0	0	0	0	0	0	0	0	0	0	0	6	0	0	0	0	0
ORTHOMCL633	0	0	0	0	0	0	0	0	0	0	0	0	0	4	0	2	0	0	0	0	0
ORTHOMCL630	0	0	0	0	0	0	0	0	0	0	0	0	0	6	0	0	0	0	0	0	0
ORTHOMCL631	0	0	0	0	0	0	0	0	0	0	0	0	0	6	0	0	0	0	0	0	0
ORTHOMCL638	0	1	0	1	1	0	0	0	0	0	0	0	0	0	0	0	0	1	1	0	1
ORTHOMCL639	0	0	0	0	0	0	0	0	0	0	0	0	0	0	0	0	0	6	0	0	0
ORTHOMCL1411	0	0	0	0	0	0	0	0	0	0	0	0	1	0	0	0	0	1	0	0	0
ORTHOMCL498	1	1	0	1	1	0	0	0	0	0	0	0	1	1	0	1	0	1	0	0	1
ORTHOMCL499	0	1	0	1	1	0	0	0	0	0	0	0	1	1	0	1	0	1	1	0	1
ORTHOMCL492	1	1	1	0	1	0	0	1	0	0	0	1	0	0	1	1	0	0	1	0	0
ORTHOMCL493	1	0	0	1	1	0	1	0	0	1	0	0	0	1	1	1	0	0	1	0	0
ORTHOMCL490	0	1	1	1	1	0	0	0	0	0	0	0	0	1	0	1	0	1	1	0	1
ORTHOMCL491	0	1	0	1	1	0	0	0	0	0	0	0	0	1	0	1	0	1	1	1	1
ORTHOMCL496	0	0	1	1	1	0	0	0	0	0	0	1	0	1	0	1	1	0	1	0	1
ORTHOMCL497	1	1	0	1	1	0	0	0	0	0	0	0	1	1	0	1	0	0	1	0	1
ORTHOMCL494	1	0	0	1	0	0	0	0	1	0	0	0	0	1	0	0	1	1	1	1	1
ORTHOMCL495	0	1	1	1	0	0	0	0	0	1	0	1	0	0	1	1	1	1	0	0	0
ORTHOMCL128	1	2	0	1	2	0	1	1	1	1	0	1	1	2	1	2	1	1	2	1	2
ORTHOMCL129	2	2	1	2	1	0	2	0	2	0	0	1	2	2	0	1	1	1	1	1	2
ORTHOMCL122	0	0	0	0	0	0	0	0	0	0	0	0	0	0	0	0	0	24	0	0	0
ORTHOMCL123	0	0	0	0	0	0	0	0	0	0	0	0	0	0	0	0	0	24	0	0	0
ORTHOMCL120	1	2	3	2	2	0	1	1	1	0	1	0	1	2	0	2	0	1	2	1	2
ORTHOMCL121	1	2	1	2	1	0	1	0	1	1	1	1	1	1	1	1	1	4	0	1	3
ORTHOMCL126	1	2	1	2	2	0	0	0	0	1	0	1	2	1	1	2	1	3	2	0	2
ORTHOMCL127	1	2	1	2	2	0	1	0	2	1	0	1	1	1	0	2	1	1	2	1	2
ORTHOMCL124	0	2	1	2	1	0	2	0	1	1	0	1	1	2	1	2	1	2	1	1	2
ORTHOMCL125	2	1	2	0	1	0	2	3	0	1	0	1	2	2	1	2	1	1	2	0	0
ORTHOMCL302	1	0	0	0	1	0	0	1	1	2	0	1	2	1	1	1	1	0	1	0	0
ORTHOMCL303	0	1	0	0	0	0	1	1	1	1	1	1	0	1	1	1	1	1	1	1	0
ORTHOMCL300	1	1	1	1	1	0	0	0	0	1	0	1	1	1	0	1	1	1	1	0	1
ORTHOMCL301	1	1	0	1	1	0	0	0	0	1	0	1	1	1	0	1	1	2	1	0	1
ORTHOMCL306	1	1	1	1	1	0	1	0	0	0	1	0	1	1	0	1	0	1	1	1	1
ORTHOMCL307	0	1	0	1	0	0	0	0	0	0	1	2	1	1	1	1	1	1	1	1	1
ORTHOMCL304	1	1	1	1	1	0	0	0	0	0	1	0	1	1	0	1	0	2	1	0	2
ORTHOMCL305	0	1	0	1	1	0	1	0	1	1	1	0	1	1	1	1	0	1	1	0	1
ORTHOMCL40	1	3	1	3	2	0	1	1	4	1	1	1	1	2	1	2	1	3	1	1	1
ORTHOMCL41	1	3	1	3	2	0	1	1	1	1	2	1	2	2	1	2	1	3	1	1	2
ORTHOMCL42	2	2	2	2	2	0	1	0	1	2	0	1	2	1	2	2	2	2	2	1	2
ORTHOMCL309	1	1	1	1	0	0	0	0	0	1	1	1	1	1	1	1	0	1	1	0	1
ORTHOMCL44	2	1	3	1	2	0	1	1	1	1	0	2	2	3	1	3	1	1	3	1	1
ORTHOMCL45	1	3	2	3	1	0	1	2	0	1	0	1	2	2	1	2	1	2	2	1	3
ORTHOMCL46	2	2	2	3	2	0	1	2	1	2	1	1	0	1	1	3	1	1	2	1	2
ORTHOMCL47	2	2	1	2	3	0	1	0	0	1	0	1	1	3	1	3	1	2	3	1	2
ORTHOMCL548	0	1	1	1	1	0	0	0	0	0	0	0	0	0	0	1	0	1	1	0	1
ORTHOMCL549	0	0	0	0	0	0	0	0	0	2	0	2	0	0	3	0	1	0	0	0	0
ORTHOMCL540	0	1	1	1	1	0	0	0	0	0	0	0	0	1	0	0	0	1	1	0	1
ORTHOMCL541	1	1	1	0	1	0	0	0	0	0	0	0	0	1	0	1	0	1	0	0	1
ORTHOMCL542	0	1	0	1	1	0	0	0	0	0	0	0	0	1	0	1	0	1	1	0	1
ORTHOMCL543	0	1	0	1	0	0	0	0	0	0	0	0	0	1	0	1	0	1	1	0	2
ORTHOMCL544	0	1	0	1	1	0	0	0	0	0	0	0	0	1	0	1	0	1	1	0	1
ORTHOMCL545	1	1	1	1	1	0	0	0	0	0	0	0	0	0	0	1	0	1	0	0	1
ORTHOMCL546	0	1	1	1	1	0	0	0	0	0	0	0	0	1	0	1	0	1	1	0	0
ORTHOMCL547	0	0	1	1	1	0	0	0	0	0	0	0	0	1	0	1	0	1	1	0	1
ORTHOMCL1171	0	0	0	0	0	0	0	0	0	0	0	0	0	1	0	0	0	0	1	0	0
ORTHOMCL1170	0	0	0	0	0	0	0	0	0	0	0	0	0	1	0	0	0	0	1	0	0
ORTHOMCL1173	0	0	0	0	0	0	0	0	0	0	0	0	0	1	0	0	0	0	1	0	0
ORTHOMCL1172	0	0	0	0	0	0	0	0	0	0	0	0	0	1	0	0	0	0	1	0	0
ORTHOMCL1175	0	0	0	0	0	0	0	1	1	0	0	0	0	0	0	0	0	0	0	0	0
ORTHOMCL1174	0	0	0	0	0	0	0	0	0	0	0	0	0	1	0	0	0	0	1	0	0
ORTHOMCL1177	0	0	0	0	0	0	0	1	1	0	0	0	0	0	0	0	0	0	0	0	0
ORTHOMCL1176	0	0	0	0	0	0	0	1	1	0	0	0	0	0	0	0	0	0	0	0	0
ORTHOMCL1179	0	0	0	0	0	0	0	1	1	0	0	0	0	0	0	0	0	0	0	0	0
ORTHOMCL1178	0	0	0	0	0	0	0	1	0	0	0	0	0	0	0	1	0	0	0	0	0
ORTHOMCL1377	0	0	0	0	0	0	0	0	0	0	0	0	0	0	0	0	2	0	0	0	0
ORTHOMCL1376	0	0	0	0	0	0	0	0	0	0	0	0	0	0	0	0	2	0	0	0	0
ORTHOMCL1375	0	0	0	0	0	0	0	0	0	0	0	0	0	0	0	0	2	0	0	0	0
ORTHOMCL1374	0	0	0	0	1	0	0	0	0	0	0	0	0	0	0	0	1	0	0	0	0
ORTHOMCL1373	0	0	1	0	0	0	0	0	0	0	0	0	0	0	0	0	1	0	0	0	0
ORTHOMCL1372	0	0	0	0	0	0	0	0	0	0	0	0	0	0	0	0	2	0	0	0	0
ORTHOMCL1371	0	0	0	0	0	0	0	0	0	0	0	1	0	0	0	0	1	0	0	0	0
ORTHOMCL1370	0	0	0	0	0	0	0	0	0	0	0	1	0	0	0	0	1	0	0	0	0
ORTHOMCL1379	0	0	0	0	0	0	0	0	0	0	0	1	0	0	0	0	1	0	0	0	0
ORTHOMCL1378	0	0	0	0	0	0	0	0	0	0	0	1	0	0	0	0	1	0	0	0	0
ORTHOMCL1209	0	0	0	0	1	0	0	0	0	0	0	0	0	1	0	0	0	0	0	0	0
ORTHOMCL1208	0	0	0	0	1	0	0	0	0	0	0	0	0	1	0	0	0	0	0	0	0
ORTHOMCL1207	0	0	0	0	1	0	0	0	0	0	0	0	0	0	0	0	0	0	1	0	0
ORTHOMCL1206	0	0	0	0	1	0	0	0	0	0	0	0	0	1	0	0	0	0	0	0	0
ORTHOMCL1205	0	0	0	0	1	0	0	0	0	0	0	0	0	1	0	0	0	0	0	0	0
ORTHOMCL1204	0	0	0	0	1	0	0	0	0	0	0	0	0	0	0	1	0	0	0	0	0
ORTHOMCL1203	0	0	1	0	1	0	0	0	0	0	0	0	0	0	0	0	0	0	0	0	0
ORTHOMCL1202	0	0	0	0	1	0	0	0	0	0	0	0	0	1	0	0	0	0	0	0	0
ORTHOMCL1201	0	0	0	0	1	0	0	0	0	0	0	0	0	0	0	0	0	0	1	0	0
ORTHOMCL1200	0	0	0	0	1	0	0	0	0	0	0	0	0	1	0	0	0	0	0	0	0
ORTHOMCL1199	0	0	0	0	1	0	0	0	0	0	0	0	0	0	0	0	0	0	1	0	0
ORTHOMCL1198	0	0	0	0	1	0	0	0	0	0	0	0	0	0	0	0	0	0	1	0	0
ORTHOMCL1197	0	0	0	0	1	0	0	0	0	0	0	0	0	0	0	0	0	0	1	0	0
ORTHOMCL1196	0	0	0	0	1	0	0	0	0	0	0	0	0	0	0	0	0	0	1	0	0
ORTHOMCL1195	0	0	0	0	1	0	0	0	0	0	0	0	0	1	0	0	0	0	0	0	0
ORTHOMCL1194	0	0	0	0	1	0	0	0	0	0	0	0	0	0	0	0	0	0	1	0	0
ORTHOMCL1193	0	0	0	0	1	0	0	0	0	0	0	0	0	0	0	1	0	0	0	0	0
ORTHOMCL1192	0	0	0	0	1	0	0	0	0	0	0	0	0	1	0	0	0	0	0	0	0
ORTHOMCL1191	0	0	0	0	0	0	0	1	1	0	0	0	0	0	0	0	0	0	0	0	0
ORTHOMCL1190	0	0	0	0	0	0	0	2	0	0	0	0	0	0	0	0	0	0	0	0	0
ORTHOMCL944	0	0	0	0	1	0	0	0	0	0	0	0	0	1	0	0	0	0	1	0	0
ORTHOMCL945	0	0	0	0	1	0	0	0	0	0	0	0	0	1	0	0	0	0	1	0	0
ORTHOMCL946	0	0	0	0	1	0	0	0	0	0	0	0	0	1	0	0	0	0	1	0	0
ORTHOMCL947	0	0	0	0	3	0	0	0	0	0	0	0	0	0	0	0	0	0	0	0	0
ORTHOMCL940	0	0	0	0	1	0	0	0	0	0	0	0	0	1	0	0	0	0	1	0	0
ORTHOMCL941	0	0	0	0	1	0	0	0	0	0	0	0	0	1	0	0	0	0	1	0	0
ORTHOMCL942	0	0	0	0	1	0	0	0	0	0	0	0	0	1	0	0	0	0	1	0	0
ORTHOMCL943	0	0	0	0	1	0	0	0	0	0	0	0	0	1	0	0	0	0	1	0	0
ORTHOMCL948	0	0	0	0	1	0	0	0	0	0	0	0	0	1	0	0	0	0	1	0	0
ORTHOMCL949	0	0	0	0	2	0	0	0	0	0	0	0	0	1	0	0	0	0	0	0	0
ORTHOMCL48	2	3	2	2	1	0	1	1	1	1	0	1	2	2	1	1	1	3	2	0	3
ORTHOMCL49	1	2	2	2	2	0	1	0	1	1	0	1	3	3	1	2	1	2	2	1	2
ORTHOMCL801	0	1	0	1	0	0	0	0	0	0	0	0	0	0	0	0	0	1	0	0	1
ORTHOMCL800	0	1	0	1	0	0	0	0	0	0	0	0	0	0	0	0	0	1	0	0	1
ORTHOMCL803	0	1	0	1	0	0	0	0	0	0	0	0	0	0	0	0	0	1	0	0	1
ORTHOMCL802	0	1	0	0	0	0	0	0	0	0	0	0	0	0	0	0	0	1	0	0	2
ORTHOMCL805	0	1	0	1	0	0	0	0	0	0	0	0	0	0	0	0	0	1	0	0	1
ORTHOMCL804	0	1	0	1	0	0	0	0	0	0	0	0	0	0	0	0	0	1	0	0	1
ORTHOMCL807	0	1	0	1	0	0	0	0	0	0	0	0	0	0	0	0	0	1	0	0	1
ORTHOMCL806	0	1	0	1	0	0	0	0	0	0	0	0	0	0	0	0	0	1	0	0	1
ORTHOMCL809	0	1	0	1	0	0	0	0	0	0	0	0	0	0	0	0	0	1	0	0	1
ORTHOMCL808	0	1	0	1	0	0	0	0	0	0	0	0	0	0	0	0	0	1	0	0	1
ORTHOMCL308	1	1	1	1	1	0	1	1	0	0	1	1	1	1	0	1	0	0	1	0	1
ORTHOMCL43	2	4	2	3	2	0	1	0	0	1	0	1	2	1	1	2	1	3	2	0	3
ORTHOMCL159	1	2	1	1	1	0	1	0	1	1	0	1	1	1	1	1	1	3	1	1	2
ORTHOMCL158	1	1	1	2	1	0	0	0	0	1	0	1	2	2	1	2	1	2	2	1	1
ORTHOMCL157	1	1	1	2	1	0	0	0	1	1	0	1	2	2	1	1	1	3	1	0	2
ORTHOMCL156	2	1	2	1	1	0	0	0	1	1	0	1	2	1	0	2	1	2	2	0	2
ORTHOMCL155	1	2	2	2	2	0	0	0	0	0	0	0	1	5	0	0	0	3	2	0	2
ORTHOMCL154	2	0	3	2	2	0	1	1	1	0	0	2	2	1	0	2	0	0	2	1	0
ORTHOMCL153	1	2	2	2	2	0	0	1	1	1	0	1	2	0	1	1	1	1	1	0	2
ORTHOMCL152	0	3	1	1	1	0	1	1	1	1	0	0	1	0	1	2	1	3	2	0	2
ORTHOMCL151	1	2	0	2	1	0	0	0	1	1	0	1	1	2	1	2	1	3	1	0	2
ORTHOMCL150	1	2	2	3	2	0	1	0	0	0	0	0	1	2	0	1	0	2	2	1	2
ORTHOMCL799	0	1	0	1	0	0	0	0	0	0	0	0	0	0	0	0	0	1	0	0	1
ORTHOMCL798	0	1	0	1	0	0	0	0	0	0	0	0	0	0	0	0	0	1	0	0	1
ORTHOMCL791	0	0	0	0	0	0	0	0	0	0	0	0	0	0	0	0	0	4	0	0	0
ORTHOMCL790	0	1	0	1	0	0	0	0	0	0	0	0	0	0	0	0	0	1	0	0	1
ORTHOMCL793	0	1	0	1	0	0	0	0	0	0	0	0	0	0	0	0	0	1	0	0	1
ORTHOMCL792	0	1	0	1	0	0	0	0	0	0	0	0	0	0	0	0	0	1	0	0	1
ORTHOMCL795	0	1	0	1	0	0	0	0	0	0	0	0	0	0	0	0	0	1	0	0	1
ORTHOMCL794	0	1	0	0	0	0	0	0	0	0	0	0	0	0	0	0	0	2	0	0	1
ORTHOMCL797	0	1	0	1	0	0	0	0	0	0	0	0	0	0	0	0	0	1	0	0	1
ORTHOMCL796	0	1	0	1	0	0	0	0	0	0	0	0	0	0	0	0	0	1	0	0	1
ORTHOMCL377	0	1	0	0	1	0	1	0	1	0	0	0	0	1	0	1	0	3	1	1	0
ORTHOMCL376	0	2	0	1	0	0	0	0	0	2	0	0	0	1	0	1	0	2	1	0	1
ORTHOMCL375	0	0	0	0	0	0	0	0	0	0	0	11	0	0	0	0	0	0	0	0	0
ORTHOMCL374	0	0	0	0	0	0	0	0	0	0	0	0	0	0	0	0	0	0	11	0	0
ORTHOMCL373	1	1	0	1	1	0	0	0	1	0	1	0	1	1	0	1	0	1	1	0	1
ORTHOMCL372	0	1	1	1	1	0	0	1	1	0	1	0	0	1	0	1	0	1	1	0	1
ORTHOMCL371	0	1	1	1	1	0	0	1	1	0	1	0	1	1	0	1	0	1	0	0	1
ORTHOMCL370	0	2	1	2	1	0	0	0	0	0	0	0	1	1	0	1	0	1	1	0	1
ORTHOMCL57	1	2	1	4	0	0	0	2	1	1	2	1	2	1	1	1	1	2	2	1	4
ORTHOMCL56	1	2	1	2	1	0	1	1	1	1	2	1	2	2	1	2	1	2	2	1	3
ORTHOMCL55	1	3	2	3	2	0	0	1	1	2	1	1	0	1	1	2	1	3	1	1	3
ORTHOMCL54	2	2	2	2	2	0	0	1	2	1	1	1	2	1	1	2	1	2	2	1	2
ORTHOMCL53	1	3	2	2	2	0	1	0	0	1	0	2	2	2	1	2	1	3	2	1	2
ORTHOMCL52	1	3	1	3	1	0	2	0	2	2	0	2	1	1	2	1	1	2	1	1	3
ORTHOMCL379	1	0	1	1	2	0	0	0	0	0	0	0	1	2	0	1	0	0	2	0	0
ORTHOMCL378	0	0	0	1	1	0	2	0	0	0	0	0	0	1	0	1	0	1	1	2	1
ORTHOMCL579	0	1	1	1	0	0	0	0	0	0	1	0	0	1	0	1	0	1	1	0	0
ORTHOMCL578	0	1	0	1	0	0	0	0	1	0	1	0	1	1	0	0	0	1	0	0	1
ORTHOMCL575	1	0	0	0	1	0	0	0	0	1	0	0	1	1	1	1	0	0	1	0	0
ORTHOMCL574	1	1	1	0	0	0	0	0	1	0	0	0	1	1	0	0	0	1	0	0	1
ORTHOMCL577	1	0	1	1	0	0	1	0	0	0	0	0	1	0	0	1	0	0	0	1	1
ORTHOMCL576	0	1	0	1	1	0	0	0	0	0	0	0	1	1	0	0	0	1	1	0	1
ORTHOMCL571	1	1	0	0	1	0	0	0	0	0	0	0	1	1	0	1	0	1	1	0	0
ORTHOMCL570	1	1	0	1	0	0	0	0	0	0	0	0	1	1	0	0	0	1	1	0	1
ORTHOMCL573	1	1	1	0	0	0	0	0	0	0	0	0	1	1	0	1	0	0	1	0	1
ORTHOMCL572	1	0	1	1	0	0	0	0	0	0	0	0	1	0	0	0	1	2	0	0	1
ORTHOMCL209	1	1	1	1	1	0	0	0	0	1	0	2	1	1	1	1	2	1	1	1	1
ORTHOMCL208	1	1	1	0	2	0	0	0	0	1	0	1	1	2	1	2	1	1	2	0	1
ORTHOMCL203	1	0	1	1	1	0	1	0	1	1	1	1	1	1	1	1	1	2	1	1	1
ORTHOMCL202	1	1	1	0	1	1	1	1	1	1	1	1	1	1	1	1	1	1	1	0	1
ORTHOMCL201	1	1	1	1	1	0	0	1	2	1	1	1	0	1	1	1	1	1	1	1	1
ORTHOMCL200	0	0	0	1	1	0	1	2	1	1	1	1	1	1	2	1	1	1	1	1	1
ORTHOMCL207	1	1	0	1	1	0	1	1	1	1	0	1	1	1	1	1	1	1	1	1	1
ORTHOMCL206	1	1	1	0	1	0	1	2	1	1	0	1	0	1	1	1	1	1	1	1	1
ORTHOMCL205	1	1	0	1	1	0	1	1	1	0	0	1	0	1	1	1	2	2	1	1	1
ORTHOMCL204	1	1	0	2	2	0	1	0	1	0	0	0	0	2	0	2	0	2	1	1	2
ORTHOMCL1342	0	0	0	0	0	0	1	0	0	0	0	0	0	0	0	0	0	0	0	1	0
ORTHOMCL1343	0	0	0	0	0	0	1	0	0	0	0	0	0	0	0	0	0	0	0	1	0
ORTHOMCL1340	0	0	0	0	0	0	1	0	0	0	0	0	0	0	0	0	0	0	0	1	0
ORTHOMCL1341	0	0	0	0	0	0	1	0	0	0	0	0	0	0	0	0	0	0	0	1	0
ORTHOMCL1346	0	0	0	0	0	0	2	0	0	0	0	0	0	0	0	0	0	0	0	0	0
ORTHOMCL1347	0	0	0	0	0	0	1	0	0	0	0	0	0	0	0	0	0	0	0	1	0
ORTHOMCL1344	0	0	0	0	0	0	1	0	0	0	0	0	0	0	0	0	0	0	0	1	0
ORTHOMCL1345	0	0	0	0	0	0	1	0	0	0	0	0	0	0	0	0	0	0	0	1	0
ORTHOMCL1348	0	0	0	0	0	0	1	0	0	0	0	0	0	0	0	0	0	0	0	1	0
ORTHOMCL1349	0	0	0	0	0	0	1	0	0	0	0	0	0	0	0	0	0	0	0	1	0
ORTHOMCL467	1	1	1	1	1	0	0	0	0	0	0	0	1	1	0	1	0	0	1	0	1
ORTHOMCL466	1	1	0	1	1	0	0	0	0	0	0	0	1	1	0	1	0	1	1	0	1
ORTHOMCL465	1	1	1	1	0	0	0	0	0	0	0	0	1	1	0	1	0	1	1	0	1
ORTHOMCL464	1	1	0	1	1	0	0	0	1	0	0	0	1	1	0	1	0	1	1	0	0
ORTHOMCL463	1	0	1	1	0	0	0	0	2	0	0	0	1	1	0	1	0	0	1	0	1
ORTHOMCL462	1	1	0	1	1	0	0	0	0	0	0	0	1	1	0	1	0	1	1	0	1
ORTHOMCL461	1	1	1	0	1	0	0	0	0	0	0	0	1	1	0	1	0	1	1	0	1
ORTHOMCL460	1	1	1	1	1	0	0	0	0	0	0	0	1	1	0	1	0	1	1	0	0
ORTHOMCL1238	0	0	0	0	1	0	0	0	0	0	0	0	0	1	0	0	0	0	0	0	0
ORTHOMCL1239	0	0	0	0	2	0	0	0	0	0	0	0	0	0	0	0	0	0	0	0	0
ORTHOMCL1232	0	0	0	0	2	0	0	0	0	0	0	0	0	0	0	0	0	0	0	0	0
ORTHOMCL1233	0	0	0	0	1	0	0	0	0	0	0	0	0	1	0	0	0	0	0	0	0
ORTHOMCL1230	0	0	0	0	1	0	0	0	0	0	0	0	0	1	0	0	0	0	0	0	0
ORTHOMCL1231	0	0	0	0	1	0	0	0	0	0	0	0	0	1	0	0	0	0	0	0	0
ORTHOMCL1236	0	0	0	0	1	0	0	0	0	0	0	0	0	1	0	0	0	0	0	0	0
ORTHOMCL1237	0	0	0	0	1	0	0	0	0	0	0	0	0	0	0	0	0	0	1	0	0
ORTHOMCL1234	0	0	0	0	1	0	0	0	0	0	0	0	0	1	0	0	0	0	0	0	0
ORTHOMCL1235	0	0	0	0	2	0	0	0	0	0	0	0	0	0	0	0	0	0	0	0	0
ORTHOMCL979	0	1	0	1	0	0	0	0	0	0	0	0	0	0	0	0	0	0	0	0	1
ORTHOMCL978	0	1	0	1	0	0	0	0	0	0	0	0	0	0	0	0	0	0	0	0	1
ORTHOMCL971	0	1	0	1	0	0	0	0	0	0	0	0	0	0	0	0	0	0	0	0	1
ORTHOMCL970	0	1	0	1	0	0	0	0	0	0	0	0	0	0	0	0	0	0	0	0	1
ORTHOMCL973	0	1	0	1	0	0	0	0	0	0	0	0	0	0	0	0	0	0	0	0	1
ORTHOMCL972	0	1	0	1	0	0	0	0	0	0	0	0	0	0	0	0	0	0	0	0	1
ORTHOMCL975	0	1	0	1	0	0	0	0	0	0	0	0	0	0	0	0	0	0	0	0	1
ORTHOMCL974	0	1	0	1	0	0	0	0	0	0	0	0	0	0	0	0	0	0	0	0	1
ORTHOMCL977	0	1	0	1	0	0	0	0	0	0	0	0	0	0	0	0	0	0	0	0	1
ORTHOMCL976	0	1	0	1	0	0	0	0	0	0	0	0	0	0	0	0	0	0	0	0	1
ORTHOMCL816	0	1	0	1	0	0	0	0	0	0	0	0	0	0	0	0	0	1	0	0	1
ORTHOMCL817	0	1	0	1	0	0	0	0	0	0	0	0	0	0	0	0	0	1	0	0	1
ORTHOMCL814	0	1	0	1	0	0	0	0	0	0	0	0	0	0	0	0	0	1	0	0	1
ORTHOMCL815	0	1	0	1	0	0	0	0	0	0	0	0	0	0	0	0	0	1	0	0	1
ORTHOMCL812	0	1	0	1	0	0	0	0	0	0	0	0	0	0	0	0	0	1	0	0	1
ORTHOMCL813	0	1	0	1	0	0	0	0	0	0	0	0	0	0	0	0	0	1	0	0	1
ORTHOMCL810	0	0	0	0	0	0	0	0	0	0	0	0	0	0	0	0	0	4	0	0	0
ORTHOMCL811	0	1	0	1	0	0	0	0	0	0	0	0	0	0	0	0	0	1	0	0	1
ORTHOMCL818	0	1	0	1	0	0	0	0	0	0	0	0	0	0	0	0	0	1	0	0	1
ORTHOMCL819	0	1	0	1	0	0	0	0	0	0	0	0	0	0	0	0	0	1	0	0	1
ORTHOMCL148	1	1	1	1	1	0	2	2	1	1	1	1	1	1	1	1	1	2	1	1	1
ORTHOMCL149	22	0	0	0	0	0	0	0	0	0	0	0	0	0	0	0	0	0	0	0	0
ORTHOMCL144	0	2	0	1	1	2	0	2	1	1	1	1	1	1	1	1	1	2	1	1	2
ORTHOMCL145	1	1	1	2	1	0	1	1	1	1	1	1	1	1	1	1	1	2	1	1	2
ORTHOMCL146	1	1	2	1	1	0	1	0	0	1	2	1	2	1	1	2	1	1	1	1	2
ORTHOMCL147	0	2	2	1	1	0	1	0	1	1	1	1	2	1	1	1	1	2	2	1	1
ORTHOMCL140	1	2	1	2	1	0	1	0	0	1	0	1	2	1	1	2	1	2	1	1	2
ORTHOMCL141	1	0	1	1	3	0	1	0	0	1	0	1	1	3	1	3	1	1	2	1	1
ORTHOMCL142	0	2	1	2	1	0	0	0	1	1	1	1	1	2	1	2	1	1	2	1	2
ORTHOMCL143	1	2	1	1	1	0	1	1	1	1	1	1	1	1	1	1	1	2	1	1	2
ORTHOMCL788	0	1	0	1	0	0	0	0	0	0	0	0	0	0	0	0	0	1	0	0	1
ORTHOMCL789	1	0	0	0	0	0	0	0	0	0	0	0	0	1	0	0	0	1	1	0	0
ORTHOMCL786	1	1	0	1	0	0	0	0	0	0	0	0	0	0	0	0	0	0	0	0	1
ORTHOMCL787	0	0	0	0	0	0	0	0	0	0	0	4	0	0	0	0	0	0	0	0	0
ORTHOMCL784	1	0	1	0	0	0	0	0	0	0	0	0	0	1	0	0	0	0	1	0	0
ORTHOMCL785	1	0	0	0	0	0	0	0	0	0	0	0	0	1	0	1	0	0	1	0	0
ORTHOMCL782	1	0	0	0	0	0	0	0	0	0	0	0	0	1	0	1	0	0	1	0	0
ORTHOMCL783	1	1	0	1	0	0	0	0	0	0	0	0	0	0	0	0	0	0	1	0	0
ORTHOMCL780	0	1	0	1	1	0	0	0	0	0	0	0	0	0	0	0	0	0	0	0	1
ORTHOMCL781	0	1	0	1	0	0	0	0	0	0	0	0	0	0	0	0	0	0	0	0	2
ORTHOMCL364	1	1	1	1	1	0	1	0	0	0	0	0	1	1	0	1	0	1	0	1	1
ORTHOMCL365	0	2	0	1	1	0	0	0	0	0	0	0	1	1	0	1	0	2	1	0	2
ORTHOMCL366	1	1	0	1	1	0	1	0	0	0	0	0	1	1	0	1	0	1	1	1	1
ORTHOMCL367	1	2	1	1	1	0	0	0	0	0	0	0	1	1	0	1	0	1	1	0	1
ORTHOMCL360	1	1	1	1	1	0	1	0	0	0	0	0	1	1	0	1	0	1	1	0	1
ORTHOMCL361	1	1	1	1	1	0	0	0	0	0	0	0	1	1	0	2	0	1	1	0	1
ORTHOMCL362	1	1	1	1	1	0	1	0	0	0	0	0	1	1	0	1	1	1	0	0	1
ORTHOMCL363	1	1	0	1	1	0	0	0	0	0	0	0	1	1	1	1	0	2	1	0	1
ORTHOMCL368	1	2	0	2	1	0	0	0	0	0	0	0	1	1	0	0	0	1	1	0	2
ORTHOMCL369	1	2	0	2	1	0	0	0	0	0	0	0	1	1	0	1	0	1	1	0	1
ORTHOMCL562	0	1	0	1	0	0	0	0	0	0	0	0	1	1	0	1	0	1	1	0	1
ORTHOMCL563	0	0	1	1	0	0	0	0	0	0	0	0	1	1	1	0	0	1	1	0	1
ORTHOMCL560	0	1	0	1	1	0	0	0	0	0	0	0	1	1	0	0	0	1	1	0	1
ORTHOMCL561	1	1	0	1	1	0	0	0	0	0	0	0	1	0	0	1	0	1	0	0	1
ORTHOMCL566	1	0	1	0	1	0	0	0	0	0	0	0	1	1	0	1	0	1	1	0	0
ORTHOMCL567	1	1	0	1	0	0	0	0	0	0	0	0	1	0	0	1	0	1	1	0	1
ORTHOMCL564	0	1	0	1	1	0	0	0	0	0	0	0	1	1	0	1	0	0	1	0	1
ORTHOMCL565	0	1	0	1	0	0	0	0	0	0	0	0	1	1	0	1	0	1	1	0	1
ORTHOMCL568	1	1	0	1	0	0	0	0	0	0	0	0	1	0	0	1	0	1	1	0	1
ORTHOMCL569	1	0	1	0	1	0	0	0	0	0	0	0	1	1	0	1	0	1	1	0	0
ORTHOMCL218	1	1	1	0	1	1	1	1	1	1	1	1	1	1	1	1	1	0	1	1	0
ORTHOMCL219	0	2	1	1	1	0	0	1	1	1	1	0	1	1	1	1	1	2	1	0	1
ORTHOMCL1359	0	0	0	0	0	0	0	0	0	0	0	0	0	0	2	0	0	0	0	0	0
ORTHOMCL1358	0	0	0	0	0	0	0	0	0	0	0	1	0	0	1	0	0	0	0	0	0
ORTHOMCL210	1	0	1	1	1	0	0	1	1	0	0	0	1	1	1	2	0	4	2	1	0
ORTHOMCL211	1	1	1	1	1	0	0	0	2	1	0	2	1	1	1	1	1	1	1	0	1
ORTHOMCL212	0	2	0	2	1	0	0	1	1	1	0	1	1	1	1	1	1	1	1	0	2
ORTHOMCL213	1	1	1	1	1	0	1	0	0	1	0	1	1	1	1	1	1	2	1	1	1
ORTHOMCL214	1	2	2	1	2	0	0	0	0	0	0	0	1	1	0	2	0	2	2	0	2
ORTHOMCL215	1	1	1	1	2	0	1	0	0	1	0	1	2	2	1	0	1	0	2	0	1
ORTHOMCL216	0	3	1	2	2	0	0	0	0	0	0	0	2	2	0	1	0	1	2	0	2
ORTHOMCL217	1	1	1	1	0	1	1	1	1	1	1	1	1	0	1	1	1	1	1	0	1
ORTHOMCL1225	0	0	0	0	1	0	0	0	0	0	0	0	0	1	0	0	0	0	0	0	0
ORTHOMCL1224	0	0	0	0	2	0	0	0	0	0	0	0	0	0	0	0	0	0	0	0	0
ORTHOMCL1227	0	0	0	0	1	0	0	0	0	0	0	0	0	0	0	1	0	0	0	0	0
ORTHOMCL1226	0	0	0	0	2	0	0	0	0	0	0	0	0	0	0	0	0	0	0	0	0
ORTHOMCL1221	0	0	0	0	1	0	0	0	0	0	0	0	0	1	0	0	0	0	0	0	0
ORTHOMCL1220	0	0	0	0	1	0	0	0	0	0	0	0	0	0	0	1	0	0	0	0	0
ORTHOMCL1223	0	0	0	0	2	0	0	0	0	0	0	0	0	0	0	0	0	0	0	0	0
ORTHOMCL1222	0	0	0	0	1	0	0	0	0	0	0	0	0	0	0	0	0	0	1	0	0
ORTHOMCL1229	0	0	0	0	1	0	0	0	0	0	0	0	0	1	0	0	0	0	0	0	0
ORTHOMCL1228	0	0	0	0	2	0	0	0	0	0	0	0	0	0	0	0	0	0	0	0	0
ORTHOMCL968	0	1	0	1	0	0	0	0	0	0	0	0	0	0	0	0	0	0	0	0	1
ORTHOMCL969	0	1	0	1	0	0	0	0	0	0	0	0	0	0	0	0	0	0	0	0	1
ORTHOMCL966	0	1	0	1	0	0	0	0	0	0	0	0	0	0	0	0	0	0	0	0	1
ORTHOMCL967	0	1	1	0	0	0	0	0	0	0	0	0	0	1	0	0	0	0	0	0	0
ORTHOMCL964	0	1	0	1	0	0	0	0	0	0	0	0	0	0	0	0	0	0	0	0	1
ORTHOMCL965	0	1	0	1	0	0	0	0	0	0	0	0	0	0	0	0	0	0	0	0	1
ORTHOMCL962	0	1	0	1	0	0	0	0	0	0	0	0	0	0	0	0	0	0	0	0	1
ORTHOMCL963	0	1	0	1	0	0	0	0	0	0	0	0	0	0	0	0	0	0	0	0	1
ORTHOMCL960	0	1	0	1	0	0	0	0	0	0	0	0	0	0	0	0	0	0	0	0	1
ORTHOMCL961	0	1	0	1	0	0	0	0	0	0	0	0	0	0	0	0	0	0	0	0	1
ORTHOMCL687	0	1	0	1	1	0	0	0	0	0	0	0	0	0	0	0	0	0	1	0	1
ORTHOMCL1306	0	0	0	0	0	0	0	0	0	0	0	0	0	0	0	0	0	1	0	0	1
ORTHOMCL685	0	0	1	0	2	0	0	0	0	0	0	0	0	0	0	1	0	0	1	0	0
ORTHOMCL684	0	0	0	0	2	0	0	0	0	0	0	0	0	2	0	0	0	0	1	0	0
ORTHOMCL683	0	0	1	0	1	0	0	0	0	0	0	0	0	1	0	1	0	0	1	0	0
ORTHOMCL682	0	0	0	0	2	0	0	0	0	0	0	0	0	1	0	0	0	0	2	0	0
ORTHOMCL681	0	0	1	0	1	0	0	0	0	0	0	0	0	1	0	1	0	0	1	0	0
ORTHOMCL680	0	0	1	0	1	0	0	0	0	0	0	0	0	1	0	1	0	0	1	0	0
ORTHOMCL245	1	1	1	1	1	2	0	1	1	1	0	0	1	1	0	1	0	1	1	0	1
ORTHOMCL689	1	0	0	0	1	0	0	0	0	0	0	0	0	1	0	1	0	0	1	0	0
ORTHOMCL688	0	1	1	0	0	0	0	0	0	0	0	0	0	1	0	1	0	0	1	0	0
ORTHOMCL244	1	2	0	1	1	0	0	1	1	1	0	1	1	1	1	0	1	0	1	1	1
ORTHOMCL243	2	1	1	1	2	0	0	0	0	0	0	0	2	2	0	1	0	1	2	0	1
ORTHOMCL242	1	1	1	1	1	0	1	0	1	1	0	1	1	1	0	1	0	1	1	1	1
ORTHOMCL171	0	2	0	1	1	0	1	2	1	1	0	1	1	1	1	1	1	2	1	1	2
ORTHOMCL170	2	2	0	1	1	0	1	0	0	0	0	0	2	2	0	1	0	3	2	1	3
ORTHOMCL173	2	1	1	1	1	0	1	0	1	1	1	1	2	1	0	0	2	4	1	0	0
ORTHOMCL172	1	1	1	1	1	0	1	0	2	2	0	2	1	1	1	1	2	1	1	0	1
ORTHOMCL175	1	1	1	1	1	0	1	0	1	1	1	1	2	2	1	0	0	2	1	1	2
ORTHOMCL174	1	2	1	2	1	0	0	1	1	1	1	1	1	1	0	1	0	2	1	1	2
ORTHOMCL177	0	2	1	2	1	0	1	0	1	1	1	1	1	1	1	1	0	1	1	1	3
ORTHOMCL176	1	2	0	2	1	0	1	1	1	1	1	1	1	0	1	1	1	1	1	1	2
ORTHOMCL179	2	1	1	1	2	0	0	0	0	1	0	1	0	2	1	2	1	2	2	0	1
ORTHOMCL178	0	0	0	0	0	0	0	20	0	0	0	0	0	0	0	0	0	0	0	0	0
ORTHOMCL240	1	1	1	1	1	0	1	0	1	1	0	0	1	1	1	1	0	1	1	1	1
ORTHOMCL773	0	0	0	0	2	0	0	0	0	0	0	0	0	1	0	0	0	0	1	0	0
ORTHOMCL772	0	0	0	0	1	0	0	0	0	0	0	0	0	1	0	1	0	0	1	0	0
ORTHOMCL771	0	0	0	0	2	0	0	0	0	0	0	0	0	1	0	0	0	0	1	0	0
ORTHOMCL770	0	0	0	0	1	0	0	0	0	0	0	0	0	1	0	1	0	0	1	0	0
ORTHOMCL777	0	0	0	0	1	0	0	0	0	0	0	0	0	1	0	1	0	0	1	0	0
ORTHOMCL776	0	0	1	0	1	0	0	0	0	0	0	0	0	0	0	1	0	0	1	0	0
ORTHOMCL775	0	0	0	0	4	0	0	0	0	0	0	0	0	0	0	0	0	0	0	0	0
ORTHOMCL774	0	0	0	0	1	0	0	0	0	0	0	0	0	1	0	1	0	0	1	0	0
ORTHOMCL779	0	0	0	0	1	0	0	0	0	0	0	0	0	1	0	1	0	0	1	0	0
ORTHOMCL778	0	0	0	0	1	0	0	0	0	0	0	0	0	1	0	1	0	0	1	0	0
ORTHOMCL199	1	2	1	2	0	0	1	0	0	1	0	1	1	1	0	2	1	1	2	1	1
ORTHOMCL198	1	2	1	2	1	0	1	1	2	0	0	0	1	1	0	1	0	2	1	0	2
ORTHOMCL193	1	1	1	1	1	0	1	1	1	1	0	1	1	1	1	1	0	2	1	1	1
ORTHOMCL192	1	2	1	2	1	0	0	0	0	1	0	1	1	1	1	0	1	1	1	2	2
ORTHOMCL191	1	1	1	1	1	0	1	0	1	1	0	1	1	1	1	1	1	1	2	1	1
ORTHOMCL190	1	1	0	1	1	0	1	1	1	1	2	1	1	1	1	1	1	1	1	1	1
ORTHOMCL197	1	1	1	2	1	0	0	0	1	0	0	0	2	2	0	1	0	2	2	1	2
ORTHOMCL196	0	1	0	1	1	0	1	4	4	0	0	0	1	1	0	1	0	1	1	1	1
ORTHOMCL195	1	2	1	1	1	0	0	0	0	1	0	1	1	1	2	0	1	2	2	0	2
ORTHOMCL194	1	1	0	1	1	4	1	0	0	1	0	1	1	1	0	1	1	1	1	1	1
ORTHOMCL249	0	1	1	1	1	0	0	0	2	1	0	1	1	1	1	1	0	1	1	1	1
ORTHOMCL248	1	1	1	1	1	0	0	0	1	1	0	1	1	1	1	1	1	1	1	0	1
ORTHOMCL517	1	1	1	1	0	0	0	0	0	0	0	0	1	1	0	1	0	0	1	0	1
ORTHOMCL516	1	0	0	1	1	0	0	0	0	0	0	0	1	1	0	1	0	1	1	0	1
ORTHOMCL515	0	1	0	1	1	0	0	0	0	0	0	0	1	1	0	1	0	1	1	0	1
ORTHOMCL514	0	1	0	1	1	0	0	0	0	0	0	0	1	1	0	1	0	1	1	0	1
ORTHOMCL513	1	1	0	1	0	0	0	0	0	0	0	0	1	1	0	1	0	1	1	0	1
ORTHOMCL512	0	1	1	1	1	0	0	0	0	0	0	0	1	1	0	0	0	1	1	0	1
ORTHOMCL511	1	0	1	1	0	0	0	0	0	0	0	0	1	1	0	1	0	1	1	0	1
ORTHOMCL510	0	1	1	1	2	0	0	0	0	0	0	0	1	1	0	0	0	1	0	0	1
ORTHOMCL519	1	1	0	0	1	0	0	0	1	0	0	0	1	1	0	0	0	1	1	0	1
ORTHOMCL518	1	1	1	1	1	0	0	0	0	0	0	0	1	0	0	1	0	0	1	0	1
ORTHOMCL1328	0	0	0	0	0	0	1	0	0	0	0	0	0	0	0	0	0	0	0	1	0
ORTHOMCL1329	0	0	0	0	0	0	1	0	0	0	0	0	0	0	0	0	0	0	0	1	0
ORTHOMCL229	0	1	1	1	1	0	0	1	2	2	0	1	1	0	1	1	1	1	1	0	1
ORTHOMCL228	2	0	2	0	4	0	1	2	1	1	0	0	1	1	0	0	0	0	2	0	0
ORTHOMCL1320	0	0	0	0	0	0	1	0	0	0	0	0	0	0	0	0	0	0	0	1	0
ORTHOMCL224	1	1	0	1	1	0	0	0	0	2	0	2	0	1	1	1	3	1	1	0	1
ORTHOMCL1322	0	0	0	0	0	0	1	0	0	0	0	0	0	0	0	0	0	0	0	1	0
ORTHOMCL226	1	1	0	2	1	0	1	0	0	1	0	1	1	1	1	1	1	1	1	0	2
ORTHOMCL221	1	1	1	1	1	0	1	0	3	0	2	0	1	2	0	0	0	1	1	1	1
ORTHOMCL1325	0	0	0	0	0	0	1	0	0	0	0	0	0	0	0	0	0	0	0	1	0
ORTHOMCL223	1	2	0	2	1	0	1	1	1	1	0	1	0	1	0	1	1	1	0	1	1
ORTHOMCL1327	0	0	0	0	0	0	1	0	0	0	0	0	0	0	0	0	0	0	0	1	0
ORTHOMCL359	0	1	0	1	1	0	0	0	1	1	0	1	1	1	0	1	1	1	1	0	0
ORTHOMCL358	0	1	1	1	1	0	1	0	0	0	0	1	1	1	0	1	0	0	1	1	1
ORTHOMCL429	1	1	0	1	1	0	0	0	0	0	0	0	1	1	0	1	0	1	1	0	1
ORTHOMCL428	1	1	1	0	1	0	0	0	0	0	0	0	1	1	0	1	0	1	1	0	1
ORTHOMCL351	1	1	2	1	1	0	0	0	0	0	0	0	1	1	0	1	0	0	1	0	2
ORTHOMCL350	1	1	1	1	1	0	0	0	0	0	0	0	1	1	0	1	0	1	2	0	1
ORTHOMCL353	0	2	1	2	0	0	0	0	0	0	0	0	1	1	0	1	0	1	1	0	2
ORTHOMCL420	0	1	1	2	1	0	0	0	0	0	0	0	0	1	0	1	0	1	1	0	1
ORTHOMCL427	0	0	0	1	0	1	1	1	2	1	0	1	0	0	0	0	1	1	0	0	0
ORTHOMCL426	0	0	0	0	0	0	1	0	1	2	0	1	0	0	2	0	2	0	0	1	0
ORTHOMCL425	1	1	1	1	1	0	0	0	0	0	0	0	0	0	0	1	1	1	1	0	1
ORTHOMCL424	0	1	0	1	1	0	1	0	0	0	0	0	0	1	0	1	0	1	1	1	1
ORTHOMCL1034	0	1	0	0	0	0	0	0	0	0	0	0	0	0	0	0	0	1	0	0	1
ORTHOMCL1035	0	0	0	0	0	0	0	0	0	0	0	0	0	0	0	0	0	0	0	3	0
ORTHOMCL1036	0	0	0	0	1	0	1	0	0	0	0	0	0	0	0	0	0	0	0	1	0
ORTHOMCL1037	0	0	0	0	0	0	1	0	0	0	0	0	0	0	0	0	0	0	0	2	0
ORTHOMCL1030	0	1	0	1	0	0	0	0	0	0	0	0	0	0	0	0	0	1	0	0	0
ORTHOMCL1031	0	1	0	1	0	0	0	0	0	0	0	0	0	0	0	0	0	1	0	0	0
ORTHOMCL1032	0	1	0	0	0	0	0	0	0	0	0	0	0	0	0	0	0	1	0	0	1
ORTHOMCL1033	0	1	0	0	0	0	0	0	0	0	0	0	0	0	0	0	0	1	0	0	1
ORTHOMCL1038	0	0	0	0	0	0	1	0	0	0	0	0	0	1	0	0	0	0	0	1	0
ORTHOMCL1039	0	0	0	0	0	0	0	0	1	1	0	0	0	0	1	0	0	0	0	0	0
ORTHOMCL1250	0	1	0	0	0	0	0	0	0	0	0	0	0	0	0	0	0	0	0	0	1
ORTHOMCL1251	0	1	0	1	0	0	0	0	0	0	0	0	0	0	0	0	0	0	0	0	0
ORTHOMCL1252	0	1	0	1	0	0	0	0	0	0	0	0	0	0	0	0	0	0	0	0	0
ORTHOMCL1253	0	1	0	0	0	0	0	0	0	0	0	0	0	0	0	0	0	0	0	0	1
ORTHOMCL1254	0	1	0	0	0	0	0	0	0	0	0	0	0	0	0	0	0	0	0	0	1
ORTHOMCL1255	0	1	0	0	0	0	0	0	0	0	0	0	0	0	0	0	0	0	0	0	1
ORTHOMCL1256	0	1	0	1	0	0	0	0	0	0	0	0	0	0	0	0	0	0	0	0	0
ORTHOMCL1257	0	1	0	1	0	0	0	0	0	0	0	0	0	0	0	0	0	0	0	0	0
ORTHOMCL1258	0	1	0	1	0	0	0	0	0	0	0	0	0	0	0	0	0	0	0	0	0
ORTHOMCL1259	0	1	0	0	0	0	0	0	0	0	0	0	0	0	0	0	0	0	0	0	1
ORTHOMCL870	0	0	0	0	0	0	0	0	0	0	0	0	4	0	0	0	0	0	0	0	0
ORTHOMCL871	0	0	0	0	0	0	0	2	1	0	1	0	0	0	0	0	0	0	0	0	0
ORTHOMCL872	0	0	0	0	0	0	0	0	1	0	3	0	0	0	0	0	0	0	0	0	0
ORTHOMCL93	2	2	1	2	1	0	0	0	1	1	1	1	2	2	1	2	1	3	2	0	2
ORTHOMCL873	0	0	0	0	0	0	0	0	0	0	4	0	0	0	0	0	0	0	0	0	0
ORTHOMCL92	2	2	1	2	1	0	0	1	1	1	1	1	2	1	0	1	1	3	2	1	3
ORTHOMCL874	0	0	0	0	0	0	0	0	0	0	2	0	0	0	0	1	0	0	1	0	0
ORTHOMCL91	1	2	1	1	2	0	1	0	1	1	1	1	2	2	1	1	2	3	2	1	1
ORTHOMCL875	0	0	0	0	0	0	0	0	0	0	3	0	0	0	0	0	0	1	0	0	0
ORTHOMCL90	1	2	1	2	2	0	0	0	1	1	1	1	2	1	1	2	1	2	2	2	2
ORTHOMCL876	0	0	0	0	0	0	0	0	0	0	4	0	0	0	0	0	0	0	0	0	0
ORTHOMCL97	0	3	0	2	2	0	0	0	1	1	0	2	1	2	2	1	2	3	2	0	2
ORTHOMCL701	0	1	0	1	0	0	0	0	0	0	0	0	0	0	0	0	0	2	0	0	1
ORTHOMCL400	1	1	1	1	1	0	0	0	0	0	0	0	1	1	0	1	0	1	1	0	1
ORTHOMCL95	2	2	2	2	1	0	0	1	2	0	3	0	2	2	0	2	0	1	2	1	2
ORTHOMCL94	2	2	1	2	2	0	1	0	1	1	1	1	2	2	1	2	0	2	2	1	1
ORTHOMCL993	0	1	0	1	0	0	0	0	0	0	0	0	0	0	0	0	0	0	0	0	1
ORTHOMCL992	0	1	0	1	0	0	0	0	0	0	0	0	0	0	0	0	0	0	0	0	1
ORTHOMCL991	0	1	0	1	0	0	0	0	0	0	0	0	0	0	0	0	0	0	0	0	1
ORTHOMCL990	0	1	0	1	0	0	0	0	0	0	0	0	0	0	0	0	0	0	0	0	1
ORTHOMCL997	0	1	0	1	0	0	0	0	0	0	0	0	0	0	0	0	0	0	0	0	1
ORTHOMCL996	0	1	0	1	0	0	0	0	0	0	0	0	0	0	0	0	0	0	0	0	1
ORTHOMCL995	0	1	0	1	0	0	0	0	0	0	0	0	0	0	0	0	0	0	0	0	1
ORTHOMCL994	0	1	0	1	0	0	0	0	0	0	0	0	0	0	0	0	0	0	0	0	1
ORTHOMCL999	0	1	0	1	0	0	0	0	0	0	0	0	0	0	0	0	0	0	0	0	1
ORTHOMCL998	0	1	0	1	0	0	0	0	0	0	0	0	0	0	0	0	0	0	0	0	1
ORTHOMCL1401	0	0	0	0	0	0	0	0	0	0	0	1	0	0	0	0	1	0	0	0	0
ORTHOMCL1300	0	0	0	0	0	0	0	0	0	0	0	0	0	0	0	0	0	1	0	0	1
ORTHOMCL1400	0	0	0	0	0	0	0	0	0	0	0	1	0	0	0	0	1	0	0	0	0
ORTHOMCL1403	0	0	0	0	0	0	0	0	0	0	0	1	0	0	0	0	1	0	0	0	0
ORTHOMCL1402	0	0	0	0	0	0	0	0	0	1	0	0	0	0	0	0	1	0	0	0	0
ORTHOMCL1405	0	0	1	0	0	0	0	0	0	0	0	0	1	0	0	0	0	0	0	0	0
ORTHOMCL1404	0	0	0	0	0	0	0	0	0	0	0	0	1	0	0	0	0	0	1	0	0
ORTHOMCL1407	0	0	0	0	0	0	0	0	0	0	0	0	2	0	0	0	0	0	0	0	0
ORTHOMCL1406	0	0	0	0	0	0	0	0	0	0	0	0	2	0	0	0	0	0	0	0	0
ORTHOMCL686	0	0	0	0	4	0	0	0	0	0	0	0	0	0	0	1	0	0	0	0	0
ORTHOMCL1019	0	1	0	0	0	0	0	0	0	0	0	0	0	0	0	0	0	1	0	0	1
ORTHOMCL694	0	1	0	1	0	0	0	0	0	0	0	0	0	1	0	0	0	1	1	0	0
ORTHOMCL695	0	1	0	1	0	0	0	0	0	0	0	0	0	0	0	1	0	1	0	0	1
ORTHOMCL696	0	0	0	0	1	0	0	0	1	0	0	0	0	1	0	0	0	1	1	0	0
ORTHOMCL697	0	1	0	1	0	0	0	0	0	0	0	0	0	0	0	0	0	2	0	0	1
ORTHOMCL690	1	1	0	1	0	0	0	0	0	0	0	0	0	0	0	1	0	0	0	0	1
ORTHOMCL691	1	0	0	0	1	0	0	0	0	0	0	0	0	1	0	1	0	0	1	0	0
ORTHOMCL692	0	0	0	0	2	0	0	0	0	0	0	0	0	1	0	1	0	1	0	0	0
ORTHOMCL693	0	0	0	0	1	0	0	0	0	0	0	0	0	1	0	0	0	2	1	0	0
ORTHOMCL698	0	1	0	1	0	0	0	0	0	0	0	0	0	0	0	0	0	2	0	0	1
ORTHOMCL699	0	0	0	0	1	0	0	0	0	1	0	0	0	0	0	1	0	1	1	0	0
ORTHOMCL166	0	3	1	1	1	0	0	0	1	1	0	2	1	1	1	1	1	2	1	1	2
ORTHOMCL167	1	1	1	1	2	0	0	0	1	1	0	1	1	2	1	2	1	2	1	0	2
ORTHOMCL164	1	1	1	2	2	0	0	0	0	1	0	1	1	2	1	2	1	2	1	0	2
ORTHOMCL165	1	2	0	2	2	0	0	0	0	1	0	1	1	2	1	2	1	1	2	0	2
ORTHOMCL162	2	2	2	1	1	0	0	1	1	1	1	0	2	1	0	1	1	2	1	0	2
ORTHOMCL163	1	1	1	1	1	1	1	0	2	1	1	1	1	1	1	1	1	2	1	1	1
ORTHOMCL160	2	2	2	2	2	0	0	0	0	0	0	1	2	2	0	2	0	2	1	0	2
ORTHOMCL161	1	2	0	1	2	0	1	0	1	1	0	1	1	2	1	2	0	3	1	1	1
ORTHOMCL168	1	2	1	2	2	0	0	0	1	0	0	0	2	2	0	2	0	2	2	0	2
ORTHOMCL169	1	1	1	1	1	0	1	2	2	1	0	1	2	1	1	1	1	1	1	0	1
ORTHOMCL760	0	0	0	0	1	0	0	0	0	0	0	0	0	1	0	1	0	0	1	0	0
ORTHOMCL761	0	0	1	0	1	0	0	0	0	0	0	0	0	0	0	1	0	0	1	0	0
ORTHOMCL762	0	0	0	0	3	0	0	0	0	0	0	0	0	0	0	0	0	0	1	0	0
ORTHOMCL763	0	0	0	0	1	0	0	0	0	0	0	0	0	1	0	1	0	0	1	0	0
ORTHOMCL764	0	0	0	0	1	0	0	0	0	0	0	0	0	1	0	1	0	0	1	0	0
ORTHOMCL765	0	0	0	0	1	0	0	0	0	0	0	0	0	1	0	1	0	0	1	0	0
ORTHOMCL766	0	0	1	0	1	0	0	0	0	0	0	0	0	0	0	1	0	0	1	0	0
ORTHOMCL767	0	0	0	0	1	0	0	0	0	0	0	0	0	1	0	1	0	0	1	0	0
ORTHOMCL768	0	0	0	0	1	0	0	0	0	0	0	0	0	1	0	1	0	0	1	0	0
ORTHOMCL769	0	0	0	0	1	0	0	0	0	0	0	0	0	1	0	1	0	0	1	0	0
ORTHOMCL188	1	1	1	1	1	0	1	0	2	1	1	1	1	1	0	1	2	1	1	1	1
ORTHOMCL189	0	0	1	1	0	0	2	1	2	1	1	1	0	0	0	0	1	3	0	5	1
ORTHOMCL86	2	2	1	3	0	0	1	0	1	1	0	1	2	1	1	1	1	4	1	1	3
ORTHOMCL87	0	2	1	1	2	0	0	0	2	1	0	3	1	2	2	2	1	3	2	1	1
ORTHOMCL80	1	2	2	2	2	0	1	0	0	2	0	2	2	1	1	2	1	2	2	1	1
ORTHOMCL81	1	2	2	2	2	0	0	0	1	1	0	1	2	2	1	2	1	4	1	0	2
ORTHOMCL82	2	2	1	2	1	0	1	0	0	1	0	1	2	2	1	2	1	3	2	2	1
ORTHOMCL83	2	2	1	2	2	0	1	0	0	1	0	1	1	2	1	2	1	4	1	1	2
ORTHOMCL180	1	2	2	1	1	0	0	1	1	1	0	1	0	1	1	1	1	2	1	0	2
ORTHOMCL181	1	2	0	1	1	0	0	1	3	1	0	1	1	1	1	1	2	1	1	0	1
ORTHOMCL182	1	2	1	2	1	0	1	0	0	1	0	1	1	1	1	1	1	1	1	1	2
ORTHOMCL183	1	2	1	2	1	0	0	0	1	1	0	1	1	1	1	1	1	2	1	0	2
ORTHOMCL184	1	1	0	2	1	0	1	0	0	1	0	1	2	1	0	1	1	2	1	1	3
ORTHOMCL185	0	2	1	2	1	0	0	0	1	1	1	1	1	1	1	1	1	1	1	1	2
ORTHOMCL186	1	1	1	1	1	0	0	1	2	1	1	1	1	1	1	1	1	1	1	1	1
ORTHOMCL187	1	2	1	2	2	0	0	1	1	1	1	1	0	0	1	1	1	1	1	0	2
ORTHOMCL504	0	0	0	0	2	0	0	0	1	0	0	0	1	1	0	1	0	1	1	0	1
ORTHOMCL505	1	1	0	0	1	0	0	0	0	0	0	0	1	1	0	1	0	1	1	0	1
ORTHOMCL506	1	1	0	1	0	0	0	0	0	0	0	0	1	1	0	1	0	1	1	0	1
ORTHOMCL507	1	1	0	1	0	0	1	0	0	0	0	0	1	0	0	1	0	1	0	1	1
ORTHOMCL500	0	1	0	1	0	0	0	0	0	0	0	0	1	1	0	1	0	2	1	0	1
ORTHOMCL501	0	1	1	1	1	0	0	0	0	0	0	0	1	1	0	1	0	0	1	0	1
ORTHOMCL502	0	1	1	1	1	0	0	0	0	0	0	0	1	0	0	1	0	1	1	0	1
ORTHOMCL503	1	0	1	0	1	0	0	0	0	0	0	0	1	1	0	1	0	1	1	0	1
ORTHOMCL508	1	1	1	1	0	0	0	0	0	0	0	0	1	1	0	1	0	1	1	0	0
ORTHOMCL509	0	1	0	1	1	0	0	0	0	0	0	0	1	1	0	1	0	1	1	0	1
ORTHOMCL232	0	1	1	1	1	1	1	1	1	0	1	0	1	1	0	1	0	2	1	1	1
ORTHOMCL233	0	1	0	1	1	0	0	2	1	1	1	1	1	1	1	0	1	1	1	1	1
ORTHOMCL1339	0	0	0	0	0	0	1	0	0	0	0	0	0	0	0	0	0	0	0	1	0
ORTHOMCL1338	0	0	0	0	0	0	1	0	0	0	0	0	0	0	0	0	0	0	0	1	0
ORTHOMCL236	1	1	0	1	1	0	2	1	0	1	1	1	1	1	1	0	1	0	1	1	1
ORTHOMCL237	0	0	0	0	0	0	0	0	0	0	0	0	0	16	0	0	0	0	0	0	0
ORTHOMCL234	1	2	1	2	1	0	1	1	1	0	1	0	1	1	0	1	0	1	1	0	1
ORTHOMCL235	1	0	1	1	1	0	1	1	1	1	1	1	1	0	1	0	1	1	1	1	1
ORTHOMCL1333	0	0	0	0	0	0	1	0	0	0	0	0	0	0	0	0	0	0	0	1	0
ORTHOMCL1332	0	0	0	0	0	0	1	0	0	0	0	0	0	0	0	0	0	0	0	1	0
ORTHOMCL238	1	1	0	2	2	0	0	0	1	0	0	0	0	2	0	2	0	2	1	0	2
ORTHOMCL239	1	1	1	1	1	0	0	0	0	1	0	1	1	1	1	1	0	2	1	1	1
ORTHOMCL1337	0	0	1	0	0	0	1	0	0	0	0	0	0	0	0	0	0	0	0	0	0
ORTHOMCL1336	0	0	0	0	0	0	1	0	0	0	0	0	0	0	0	0	0	0	0	1	0
ORTHOMCL1335	0	0	0	0	0	0	1	0	0	0	0	0	0	0	0	0	0	0	0	1	0
ORTHOMCL1334	0	0	0	0	0	0	1	0	0	0	0	0	0	0	0	0	0	0	0	1	0
ORTHOMCL438	1	0	1	1	1	0	0	0	0	0	0	0	1	1	0	2	0	0	1	0	1
ORTHOMCL439	1	1	0	1	1	0	0	0	0	0	0	0	1	1	0	1	0	1	1	0	1
ORTHOMCL348	1	1	0	1	1	0	0	1	1	0	0	0	1	1	0	1	0	1	1	0	1
ORTHOMCL349	1	1	1	1	1	0	0	0	0	0	0	0	1	1	0	1	0	1	1	0	2
ORTHOMCL346	1	1	1	1	0	0	1	0	0	0	0	0	1	1	0	1	0	1	1	1	1
ORTHOMCL347	1	0	1	1	1	0	0	2	0	0	0	0	1	1	0	1	0	1	1	0	1
ORTHOMCL344	1	1	1	1	1	0	0	0	0	0	0	0	1	1	0	1	0	1	1	1	1
ORTHOMCL345	1	2	1	2	1	0	0	0	0	0	0	0	1	1	0	1	0	1	0	0	1
ORTHOMCL342	0	2	1	2	1	0	0	0	0	0	0	0	1	1	0	1	0	1	0	1	1
ORTHOMCL343	0	1	1	1	1	0	0	0	1	0	0	0	1	1	0	1	0	2	1	0	1
ORTHOMCL340	0	0	0	0	0	0	0	0	0	0	0	0	0	0	0	0	0	12	0	0	0
ORTHOMCL341	1	1	1	1	1	0	0	0	0	1	0	0	1	1	0	1	0	2	1	0	0
ORTHOMCL1027	0	1	0	0	0	0	0	0	0	0	0	0	0	0	0	0	0	1	0	0	1
ORTHOMCL1026	0	0	0	0	0	0	0	0	0	0	0	0	0	0	0	0	0	3	0	0	0
ORTHOMCL1025	0	0	0	0	0	0	0	0	0	0	0	0	0	0	0	0	0	2	0	0	1
ORTHOMCL1024	0	0	0	0	0	0	0	0	0	0	0	0	0	0	0	0	0	2	0	0	1
ORTHOMCL1023	0	0	0	0	0	0	0	0	0	0	0	0	0	0	0	0	0	3	0	0	0
ORTHOMCL1022	0	0	0	0	0	0	0	0	0	0	0	0	0	0	0	0	0	3	0	0	0
ORTHOMCL1021	0	1	0	1	0	0	0	0	0	0	0	0	0	0	0	0	0	1	0	0	0
ORTHOMCL1020	0	0	0	1	0	0	0	0	0	0	0	0	0	0	0	0	0	1	0	0	1
ORTHOMCL1029	0	1	0	0	0	0	0	0	0	0	0	0	0	0	0	0	0	1	0	0	1
ORTHOMCL1028	0	1	0	0	0	0	0	0	0	0	0	0	0	0	0	0	0	1	0	0	1
ORTHOMCL1243	0	1	0	0	0	0	0	0	0	0	0	0	0	0	0	0	0	0	0	0	1
ORTHOMCL1242	0	1	0	1	0	0	0	0	0	0	0	0	0	0	0	0	0	0	0	0	0
ORTHOMCL1241	0	1	0	1	0	0	0	0	0	0	0	0	0	0	0	0	0	0	0	0	0
ORTHOMCL1240	0	1	0	1	0	0	0	0	0	0	0	0	0	0	0	0	0	0	0	0	0
ORTHOMCL1247	0	1	0	1	0	0	0	0	0	0	0	0	0	0	0	0	0	0	0	0	0
ORTHOMCL1246	0	1	0	1	0	0	0	0	0	0	0	0	0	0	0	0	0	0	0	0	0
ORTHOMCL1245	0	1	0	0	0	0	0	0	0	0	0	0	0	0	0	0	0	0	0	0	1
ORTHOMCL1244	0	1	0	0	0	0	0	0	0	0	0	0	0	0	0	0	0	0	0	0	1
ORTHOMCL1249	0	1	0	0	0	0	0	0	0	0	0	0	0	0	0	0	0	0	0	0	1
ORTHOMCL1248	0	1	0	1	0	0	0	0	0	0	0	0	0	0	0	0	0	0	0	0	0
ORTHOMCL980	0	1	0	1	0	0	0	0	0	0	0	0	0	0	0	0	0	0	0	0	1
ORTHOMCL981	0	1	0	1	0	0	0	0	0	0	0	0	0	0	0	0	0	0	0	0	1
ORTHOMCL982	0	1	0	1	0	0	0	0	0	0	0	0	0	0	0	0	0	0	0	0	1
ORTHOMCL983	0	1	0	1	0	0	0	0	0	0	0	0	0	0	0	0	0	0	0	0	1
ORTHOMCL984	0	1	0	1	0	0	0	0	0	0	0	0	0	0	0	0	0	0	0	0	1
ORTHOMCL985	0	1	0	1	0	0	0	0	0	0	0	0	0	0	0	0	0	0	0	0	1
ORTHOMCL986	0	1	0	1	0	0	0	0	0	0	0	0	0	0	0	0	0	0	0	0	1
ORTHOMCL987	0	1	0	1	0	0	0	0	0	0	0	0	0	0	0	0	0	0	0	0	1
ORTHOMCL988	0	1	0	1	0	0	0	0	0	0	0	0	0	0	0	0	0	0	0	0	1
ORTHOMCL989	0	1	0	1	0	0	0	0	0	0	0	0	0	0	0	0	0	0	0	0	1
ORTHOMCL755	0	0	0	0	1	0	0	0	0	0	0	0	0	1	0	1	0	0	1	0	0
ORTHOMCL754	0	0	0	0	1	0	0	0	0	0	0	0	0	3	0	0	0	0	0	0	0
ORTHOMCL757	0	0	0	0	1	0	0	0	0	0	0	0	0	1	0	1	0	0	1	0	0
ORTHOMCL756	0	0	1	0	1	0	0	0	0	0	0	0	0	1	0	0	0	0	1	0	0
ORTHOMCL751	0	0	0	0	1	0	0	0	0	0	0	0	0	1	0	0	0	0	2	0	0
ORTHOMCL750	0	0	1	0	1	0	0	0	0	0	0	0	0	1	0	1	0	0	0	0	0
ORTHOMCL1330	0	0	0	0	0	0	2	0	0	0	0	0	0	0	0	0	0	0	0	0	0
ORTHOMCL752	0	0	1	0	1	0	0	0	0	0	0	0	0	0	0	1	0	0	1	0	0
ORTHOMCL759	0	0	0	0	1	0	0	0	0	0	0	0	0	1	0	1	0	0	1	0	0
ORTHOMCL758	0	0	0	0	1	0	0	0	0	0	0	0	0	1	0	1	0	0	1	0	0
ORTHOMCL539	0	0	0	0	7	0	0	0	0	0	0	0	0	0	0	0	0	0	1	0	0
ORTHOMCL538	0	0	0	0	8	0	0	0	0	0	0	0	0	0	0	0	0	0	0	0	0
ORTHOMCL531	1	0	1	1	1	0	0	0	0	0	0	0	1	1	0	1	0	0	1	0	1
ORTHOMCL530	0	1	0	1	1	0	0	0	0	0	0	0	1	1	0	1	0	1	1	0	1
ORTHOMCL533	1	1	1	0	0	0	0	0	0	0	0	0	1	0	0	1	0	2	1	0	1
ORTHOMCL532	1	1	0	1	1	0	0	0	0	0	0	0	1	1	0	1	0	1	0	0	1
ORTHOMCL535	1	1	1	1	0	0	0	0	0	0	0	0	1	0	0	1	0	1	1	0	1
ORTHOMCL534	0	1	0	1	1	0	0	0	0	0	0	0	1	1	0	1	0	1	1	0	1
ORTHOMCL537	0	0	0	0	7	0	0	0	0	0	0	0	0	1	0	0	0	0	0	0	0
ORTHOMCL536	0	0	1	1	1	0	0	1	0	0	2	0	0	0	0	0	0	2	1	0	0
ORTHOMCL247	1	0	1	1	2	0	0	0	0	0	0	0	2	2	0	2	0	2	2	0	1
ORTHOMCL1307	0	0	0	0	0	0	0	0	0	0	0	0	0	0	0	0	0	1	0	0	1
ORTHOMCL1304	0	1	0	0	0	0	0	0	0	0	0	0	0	0	0	0	0	1	0	0	0
ORTHOMCL1305	0	0	0	0	1	0	0	0	0	0	0	0	0	0	0	0	0	1	0	0	0
ORTHOMCL1302	0	0	0	0	0	0	0	0	0	0	0	0	0	0	0	0	0	1	0	0	1
ORTHOMCL1303	0	0	0	0	0	0	0	0	0	0	0	0	0	0	0	0	0	2	0	0	0
ORTHOMCL241	1	1	1	0	1	0	1	1	1	1	0	1	1	1	1	1	1	1	1	0	0
ORTHOMCL1301	0	0	0	0	0	0	0	0	0	0	0	0	0	0	0	1	0	1	0	0	0
ORTHOMCL1308	0	1	0	0	0	0	0	0	0	0	0	0	0	0	0	0	0	1	0	0	0
ORTHOMCL1309	0	0	0	0	0	0	0	0	0	0	0	0	0	0	0	0	0	1	0	0	1
ORTHOMCL225	1	2	1	1	1	0	1	0	0	1	0	1	1	1	1	1	0	1	1	0	2
ORTHOMCL99	2	1	1	2	2	0	1	0	1	1	0	1	2	2	1	2	1	2	1	1	2
ORTHOMCL98	2	3	1	1	1	0	0	0	1	1	0	1	2	2	1	2	1	2	2	0	3
ORTHOMCL409	1	1	1	1	1	0	0	0	0	0	0	0	1	1	0	1	0	1	1	0	1
ORTHOMCL408	0	1	1	1	1	0	0	0	2	0	0	0	1	1	0	1	0	1	0	0	1
ORTHOMCL1321	0	0	0	0	0	0	1	0	0	0	0	0	0	0	0	0	0	0	0	1	0
ORTHOMCL405	1	1	1	1	1	0	0	0	0	0	0	0	1	1	0	1	0	1	1	0	1
ORTHOMCL404	1	1	1	1	1	0	0	0	0	0	0	0	1	1	0	1	0	1	1	0	1
ORTHOMCL407	1	1	1	0	1	0	0	0	0	0	0	0	1	1	0	1	0	2	1	0	1
ORTHOMCL406	1	1	1	1	1	0	0	0	0	0	0	0	1	1	0	1	0	1	1	0	1
ORTHOMCL401	1	1	1	1	1	0	0	0	0	0	0	0	1	1	0	1	0	1	1	0	1
ORTHOMCL227	0	2	0	1	1	0	1	0	1	0	0	1	1	1	1	1	1	2	1	0	2
ORTHOMCL403	1	1	1	1	1	0	0	0	0	0	0	0	1	1	0	1	0	1	1	0	1
ORTHOMCL402	1	1	1	1	1	0	0	0	0	0	0	0	1	1	0	1	0	1	1	0	1
ORTHOMCL1323	0	0	0	0	0	0	1	0	0	0	0	0	0	0	0	0	0	0	0	1	0
ORTHOMCL1324	0	0	0	0	0	0	1	0	0	0	0	0	0	0	0	0	0	0	0	1	0
ORTHOMCL220	1	1	1	1	1	0	1	0	1	1	1	0	1	1	1	1	1	2	0	1	1
ORTHOMCL1012	0	0	0	0	0	0	0	0	0	0	0	0	0	0	0	0	0	1	0	0	2
ORTHOMCL1013	0	0	0	1	0	0	0	0	0	0	0	0	0	0	0	0	0	1	0	0	1
ORTHOMCL1010	1	1	0	0	0	0	0	0	0	0	0	0	0	0	0	0	0	1	0	0	0
ORTHOMCL1011	0	1	0	1	0	0	0	0	0	0	0	0	0	0	0	0	0	1	0	0	0
ORTHOMCL1016	0	1	0	0	0	0	0	0	0	0	0	0	0	0	0	0	0	1	0	0	1
ORTHOMCL1017	0	1	0	0	0	0	0	0	0	0	0	0	0	0	0	0	0	1	0	0	1
ORTHOMCL1014	0	1	0	0	0	0	0	0	0	0	0	0	0	0	0	0	0	1	0	0	1
ORTHOMCL1015	0	0	0	1	0	0	0	0	0	0	0	0	0	0	0	0	0	1	0	0	1
ORTHOMCL1018	0	0	0	0	0	0	0	0	0	0	0	0	0	0	0	0	0	3	0	0	0
ORTHOMCL222	0	0	0	0	0	0	0	0	0	0	18	0	0	0	0	0	0	0	0	0	0
ORTHOMCL1278	0	0	0	0	0	0	0	0	0	0	0	2	0	0	0	0	0	0	0	0	0
ORTHOMCL1279	0	0	0	0	0	0	0	0	0	0	0	2	0	0	0	0	0	0	0	0	0
ORTHOMCL1276	0	0	0	0	0	0	0	0	0	1	0	1	0	0	0	0	0	0	0	0	0
ORTHOMCL1277	0	0	0	0	0	0	0	0	0	1	0	1	0	0	0	0	0	0	0	0	0
ORTHOMCL1274	0	0	0	0	0	0	0	0	0	0	0	2	0	0	0	0	0	0	0	0	0
ORTHOMCL1275	0	0	0	0	0	0	0	0	0	0	0	2	0	0	0	0	0	0	0	0	0
ORTHOMCL1272	0	0	0	0	0	0	0	0	0	1	0	1	0	0	0	0	0	0	0	0	0
ORTHOMCL1273	0	0	0	0	0	0	0	0	0	1	0	1	0	0	0	0	0	0	0	0	0
ORTHOMCL1270	1	0	0	0	0	0	0	0	1	0	0	0	0	0	0	0	0	0	0	0	0
ORTHOMCL1271	0	0	0	0	0	0	0	0	0	1	0	1	0	0	0	0	0	0	0	0	0